t,w,x,y,z,ax,ay,az
0,,
1,Revision @ user[16][6] = A5,Checking hardware revision...
2,>**......>......,Resetting memory bank selection to 0...
3,"//OFFSETS    -3393,     475,    3387,    -151,     -17,      79",//           X Accel  Y Accel  Z Accel   X Gyro   Y Gyro   Z Gyro
4,1.00,0.00,0.00,0.00,22,14,-5136
5,1.00,0.00,0.00,0.00,-1,-7,-3741
6,1.00,0.00,0.00,0.00,6,-19,-2770
7,1.00,0.00,0.00,0.00,6,-43,-2048
8,1.00,0.00,0.00,0.00,-11,-60,-1489
9,1.00,0.00,0.00,0.00,-8,-44,-1090
10,1.00,0.00,0.00,0.00,5,-16,-822
11,1.00,0.00,0.00,0.00,11,-40,-589
12,1.00,0.00,0.00,0.00,-2,-77,-435
13,1.00,0.00,0.00,0.00,4,-66,-350
14,1.00,0.00,0.00,0.00,0,-53,-258
15,1.00,0.00,0.00,0.00,-5,-46,-184
16,1.00,0.00,0.00,0.00,-2,-65,-127
17,1.00,0.00,0.00,0.00,11,-68,-115
18,1.00,0.00,0.00,0.00,-6,-68,-83
19,1.00,0.00,0.00,0.00,-23,-45,-63
20,1.00,0.00,0.00,0.00,-11,-19,-61
21,1.00,0.00,0.00,0.00,-13,-30,-57
22,1.00,0.00,0.00,0.00,-22,-79,8
23,1.00,0.00,0.00,0.00,8,-91,20
24,1.00,0.00,0.00,0.00,30,-40,-49
25,1.00,0.00,0.00,0.00,18,-13,-60
26,1.00,0.00,0.00,0.00,0,-37,5
27,1.00,0.00,0.00,0.00,0,-61,18
28,1.00,0.00,0.00,0.00,15,-71,-12
29,1.00,0.00,0.00,0.00,1,-65,-19
30,1.00,0.00,0.00,0.00,-19,-45,-8
31,1.00,0.00,0.00,0.00,-22,-35,-4
32,1.00,0.00,0.00,0.00,1,-46,-6
33,1.00,0.00,0.00,0.00,4,-54,-3
34,1.00,0.00,0.00,0.00,-10,-46,-2
35,1.00,0.00,0.00,0.00,-16,-27,-16
36,1.00,0.00,0.00,0.00,9,-28,-35
37,1.00,0.00,0.00,0.00,0,-77,16
38,1.00,0.00,0.00,0.00,9,-72,24
39,1.00,0.00,0.00,0.00,0,-32,-10
40,1.00,0.00,0.00,0.00,0,-20,-16
41,1.00,0.00,0.00,0.00,-16,-17,1
42,1.00,0.00,0.00,0.00,-6,-4,0
43,1.00,0.00,0.00,0.00,8,-26,13
44,1.00,0.00,0.00,0.00,-6,-69,35
45,1.00,0.00,0.00,0.00,-17,-66,-1
46,1.00,0.00,0.00,-0.00,-5,-58,-13
47,1.00,0.00,0.00,-0.00,7,-48,2
48,1.00,0.00,0.00,-0.00,15,-36,5
49,1.00,0.00,0.00,-0.00,13,-31,8
50,1.00,0.00,0.00,-0.00,-12,-55,33
51,1.00,0.00,0.00,-0.00,-11,-49,-12
52,1.00,0.00,0.00,-0.00,3,-30,-30
53,1.00,0.00,0.00,0.00,1,-44,5
54,1.00,0.00,0.00,0.00,0,-45,0
55,1.00,0.00,0.00,0.00,6,-15,-20
56,1.00,0.00,0.00,0.00,0,-21,-18
57,1.00,0.00,0.00,0.00,-6,-15,-20
58,1.00,0.00,0.00,0.00,8,-27,-15
59,1.00,0.00,0.00,0.00,32,-43,-10
60,1.00,0.00,0.00,0.00,12,-55,4
61,1.00,0.00,0.00,0.00,-11,-48,-3
62,1.00,0.00,0.00,0.00,-6,-43,-20
63,1.00,0.00,0.00,0.00,-3,-35,-21
64,1.00,0.00,0.00,0.00,0,-40,0
65,1.00,0.00,0.00,0.00,12,-34,-15
66,1.00,0.00,0.00,0.00,0,-17,-27
67,1.00,0.00,0.00,0.00,-1,-26,-17
68,1.00,0.00,0.00,0.00,-4,-66,4
69,1.00,0.00,0.00,0.00,23,-52,-10
70,1.00,0.00,0.00,0.00,37,-31,-32
71,1.00,0.00,0.00,0.00,16,-34,-19
72,1.00,0.00,0.00,0.00,-3,-37,-22
73,1.00,0.00,0.00,0.00,-17,-65,-10
74,1.00,0.00,0.00,0.00,-35,-92,17
75,1.00,0.00,0.00,0.00,6,-34,-53
76,1.00,0.00,0.00,0.00,22,0,-65
77,1.00,0.00,0.00,0.00,6,-61,10
78,1.00,0.00,0.00,0.00,16,-55,-18
79,1.00,0.00,0.00,0.00,22,-49,-54
80,1.00,0.00,0.00,0.00,0,-99,2
81,1.00,0.00,0.00,0.00,-2,-93,-12
82,1.00,0.00,0.00,0.00,17,-75,-17
83,1.00,0.00,-0.00,0.00,16,-87,38
84,1.00,0.00,0.00,0.00,-18,-86,51
85,1.00,0.00,0.00,0.00,-13,-51,-15
86,1.00,0.00,0.00,0.00,12,-60,-14
87,1.00,0.00,0.00,0.00,-1,-117,21
88,1.00,0.00,0.00,-0.00,5,-96,-9
89,1.00,0.00,0.00,-0.00,14,-92,-4
90,1.00,0.00,0.00,-0.00,-20,-124,52
91,1.00,0.00,0.00,-0.00,-36,-93,22
92,1.00,0.00,0.00,-0.00,-23,-42,4
93,1.00,0.00,0.00,-0.00,-22,-22,43
94,1.00,0.00,0.00,-0.00,-42,-15,58
95,1.00,0.00,0.00,-0.00,-30,-23,31
96,1.00,0.00,0.00,-0.00,0,-32,8
97,1.00,0.00,0.00,-0.00,3,-9,2
98,1.00,0.00,0.00,-0.00,-12,9,13
99,1.00,0.00,0.00,-0.00,-5,29,16
100,1.00,0.00,0.00,-0.00,0,41,0
101,1.00,0.00,0.00,-0.00,-1,35,3
102,1.00,0.00,0.00,0.00,-14,16,-8
103,1.00,0.00,0.00,0.00,15,22,-49
104,1.00,0.00,0.00,0.00,47,27,-54
105,1.00,0.00,0.00,0.00,45,22,-33
106,1.00,0.00,0.00,0.00,31,33,-54
107,1.00,0.00,-0.00,0.00,27,15,-41
108,1.00,0.00,-0.00,0.00,22,-20,-10
109,1.00,0.00,-0.00,0.00,9,-12,-20
110,1.00,0.00,-0.00,0.00,20,0,-13
111,1.00,0.00,-0.00,0.00,34,-4,-16
112,1.00,0.00,-0.00,0.00,7,-9,-8
113,1.00,0.00,-0.00,0.00,-19,-25,-11
114,1.00,0.00,0.00,0.00,-23,-48,7
115,1.00,0.00,0.00,0.00,-16,-50,13
116,1.00,0.00,0.00,0.00,-12,-49,12
117,1.00,0.00,0.00,0.00,-7,-67,12
118,1.00,0.00,0.00,0.00,-7,-72,0
119,1.00,0.00,0.00,0.00,-8,-73,3
120,1.00,0.00,0.00,0.00,-11,-71,15
121,1.00,0.00,0.00,-0.00,-1,-23,0
122,1.00,0.00,0.00,-0.00,8,-14,12
123,1.00,0.00,0.00,0.00,-22,-56,87
124,1.00,0.00,-0.00,0.00,35,77,-147
125,1.00,0.00,-0.00,-0.00,-9,106,-92
126,1.00,0.00,-0.00,-0.00,-4,5,103
127,1.00,0.00,0.00,-0.00,-24,-77,122
128,1.00,0.00,0.00,-0.00,20,-84,8
129,1.00,0.00,-0.00,-0.00,16,-68,-9
130,1.00,0.00,0.00,-0.00,-45,-44,24
131,1.00,0.00,0.00,-0.00,-55,-7,37
132,1.00,0.00,0.00,-0.00,5,-10,14
133,1.00,0.00,-0.00,-0.00,24,-43,22
134,1.00,0.00,0.00,-0.00,-33,-82,53
135,1.00,0.00,0.00,-0.00,-49,-57,19
136,1.00,0.00,0.00,-0.00,-13,-18,-26
137,1.00,0.00,0.00,-0.00,5,-27,20
138,1.00,0.00,0.00,-0.00,0,-58,61
139,1.00,0.00,0.00,-0.00,1,-46,8
140,1.00,0.00,0.00,-0.00,15,-6,-30
141,1.00,0.00,0.00,-0.00,-6,9,10
142,1.00,0.00,0.00,-0.00,-20,12,43
143,1.00,0.00,0.00,-0.00,5,22,8
144,1.00,0.00,0.00,-0.00,25,26,-14
145,1.00,0.00,0.00,-0.00,-9,7,1
146,1.00,0.00,0.00,0.00,-32,14,5
147,1.00,0.00,0.00,0.00,6,32,-24
148,1.00,0.00,0.00,0.00,44,25,-26
149,1.00,0.00,0.00,0.00,24,-1,-8
150,1.00,0.00,0.00,0.00,9,9,-31
151,1.00,0.00,0.00,0.00,28,6,-45
152,1.00,0.00,0.00,0.00,7,-37,-5
153,1.00,0.00,0.00,0.00,1,-44,5
154,1.00,0.00,0.00,0.00,22,6,-17
155,1.00,0.00,-0.00,0.00,21,16,-17
156,1.00,0.00,-0.00,0.00,-11,-4,7
157,1.00,0.00,0.00,0.00,-1,5,-24
158,1.00,0.00,-0.00,0.00,34,18,-42
159,1.00,0.00,-0.00,0.00,22,2,0
160,1.00,0.00,-0.00,0.00,2,0,3
161,1.00,0.00,-0.00,0.00,36,49,-85
162,1.00,0.00,-0.00,0.00,15,4,-44
163,1.00,0.00,-0.00,0.00,-23,-62,40
164,1.00,0.00,-0.00,0.00,22,-38,-29
165,1.00,0.00,-0.00,0.00,5,-75,39
166,1.00,0.00,0.00,0.00,11,-93,52
167,1.00,0.00,0.00,0.00,24,-9,-74
168,1.00,0.00,-0.00,0.00,27,0,-35
169,1.00,0.00,-0.00,0.00,0,-79,57
170,1.00,0.00,-0.00,0.00,-14,-79,0
171,1.00,0.00,-0.00,0.00,-1,-69,-14
172,1.00,0.00,-0.00,0.00,-16,-109,50
173,1.00,0.00,0.00,-0.00,-42,-87,38
174,1.00,0.00,0.00,-0.00,-25,-49,21
175,1.00,0.00,0.00,-0.00,-14,-61,73
176,1.00,0.00,0.00,0.00,-20,-51,50
177,1.00,0.00,0.00,0.00,-15,-16,26
178,1.00,0.00,0.00,-0.00,-7,-44,38
179,1.00,0.00,0.00,-0.00,-25,-51,38
180,1.00,0.00,0.00,-0.00,-14,-16,14
181,1.00,0.00,0.00,-0.00,7,0,26
182,1.00,0.00,0.00,-0.00,-9,10,27
183,1.00,0.00,0.00,-0.00,-8,42,0
184,1.00,0.00,0.00,0.00,11,54,-6
185,1.00,0.00,0.00,0.00,28,43,-10
186,1.00,0.00,0.00,0.00,10,32,-11
187,1.00,0.00,0.00,0.00,14,5,-17
188,1.00,0.00,-0.00,0.00,13,-14,-19
189,1.00,0.00,0.00,0.00,-1,-12,-9
190,1.00,0.00,0.00,0.00,2,0,6
191,1.00,0.00,0.00,0.00,11,12,8
192,1.00,0.00,-0.00,0.00,-3,17,0
193,1.00,0.00,0.00,0.00,-4,16,-7
194,1.00,0.00,0.00,0.00,9,8,-23
195,1.00,0.00,-0.00,0.00,-8,-13,4
196,1.00,0.00,0.00,0.00,14,5,-18
197,1.00,0.00,-0.00,0.00,51,53,-83
198,1.00,0.00,-0.00,0.00,53,65,-67
199,1.00,0.00,-0.00,0.00,11,0,3
200,1.00,0.00,-0.00,0.00,1,-52,7
201,1.00,0.00,-0.00,0.00,14,-56,-38
202,1.00,0.00,-0.00,0.00,3,-67,-6
203,1.00,0.00,-0.00,0.00,-2,-78,33
204,1.00,0.00,-0.00,0.00,17,-40,1
205,1.00,0.00,-0.00,0.00,18,-23,-10
206,1.00,0.00,-0.00,0.00,-10,-44,35
207,1.00,0.00,-0.00,0.00,-17,-19,17
208,1.00,0.00,-0.00,0.00,0,0,-13
209,1.00,0.00,-0.00,0.00,-2,-25,17
210,1.00,0.00,-0.00,0.00,-24,-57,47
211,1.00,0.00,-0.00,0.00,-16,-31,9
212,1.00,0.00,-0.00,0.00,-4,-34,-7
213,1.00,0.00,-0.00,0.00,-23,-43,31
214,1.00,0.00,-0.00,0.00,-16,-28,21
215,1.00,0.00,-0.00,-0.00,-1,-11,7
216,1.00,0.00,-0.00,-0.00,-8,-10,29
217,1.00,0.00,-0.00,0.00,-12,15,25
218,1.00,0.00,0.00,0.00,9,41,0
219,1.00,0.00,-0.00,0.00,26,24,4
220,1.00,0.00,-0.00,0.00,9,5,19
221,1.00,0.00,-0.00,0.00,-4,9,7
222,1.00,0.00,-0.00,0.00,-1,18,-15
223,1.00,0.00,-0.00,0.00,-1,4,-3
224,1.00,0.00,-0.00,0.00,-1,-5,10
225,1.00,0.00,-0.00,0.00,0,0,1
226,1.00,0.00,-0.00,0.00,1,1,-2
227,1.00,0.00,-0.00,0.00,6,0,-5
228,1.00,0.00,-0.00,0.00,-4,-5,-3
229,1.00,0.00,-0.00,0.00,-3,-7,-6
230,1.00,0.00,-0.00,0.00,6,-6,-5
231,1.00,0.00,-0.00,0.00,12,-17,-6
232,1.00,0.00,-0.00,0.00,13,-30,-5
233,1.00,0.00,-0.00,0.00,2,-27,3
234,1.00,0.00,-0.00,0.00,-5,-18,9
235,1.00,0.00,-0.00,0.00,-6,-10,8
236,1.00,0.00,-0.00,0.00,-14,-10,12
237,1.00,0.00,0.00,0.00,-6,-10,16
238,1.00,0.00,-0.00,0.00,9,0,11
239,1.00,0.00,-0.00,0.00,6,7,15
240,1.00,0.00,-0.00,0.00,0,3,7
241,1.00,0.00,-0.00,0.00,10,-8,2
242,1.00,0.00,-0.00,0.00,3,-23,6
243,1.00,0.00,-0.00,0.00,0,-37,10
244,1.00,0.00,-0.00,0.00,7,-21,-2
245,1.00,0.00,-0.00,0.00,10,-8,-5
246,1.00,0.00,-0.00,0.00,2,-7,13
247,1.00,0.00,-0.00,0.00,-2,-8,17
248,1.00,0.00,-0.00,0.00,-3,-10,5
249,1.00,0.00,-0.00,0.00,-4,0,2
250,1.00,0.00,-0.00,0.00,-2,7,3
251,1.00,0.00,-0.00,0.00,5,23,-7
252,1.00,0.00,-0.00,0.00,15,32,-17
253,1.00,0.00,-0.00,0.00,0,21,0
254,1.00,0.00,-0.00,0.00,-7,8,0
255,1.00,0.00,-0.00,0.00,-3,14,-9
256,1.00,0.00,-0.00,0.00,6,8,-8
257,1.00,0.00,-0.00,0.00,0,-10,4
258,1.00,0.00,-0.00,0.00,-3,-13,-1
259,1.00,0.00,-0.00,0.00,1,-4,-7
260,1.00,0.00,-0.00,0.00,-3,-3,0
261,1.00,0.00,-0.00,0.00,-9,3,9
262,1.00,0.00,-0.00,0.00,-4,16,6
263,1.00,0.00,-0.00,0.00,11,26,-14
264,1.00,0.00,-0.00,0.00,1,13,3
265,1.00,0.00,-0.00,0.00,-13,-9,20
266,1.00,0.00,-0.00,0.00,-6,-2,1
267,1.00,0.00,-0.00,0.00,-7,0,8
268,1.00,0.00,-0.00,0.00,-28,-18,40
269,1.00,0.00,0.00,0.00,-22,-13,22
270,1.00,0.00,0.00,0.00,-10,-5,9
271,1.00,0.00,0.00,0.00,-3,-14,25
272,1.00,0.00,0.00,0.00,0,-14,8
273,1.00,0.00,0.00,0.00,-1,-8,-9
274,1.00,0.00,-0.00,0.00,11,-24,-11
275,1.00,0.00,-0.00,0.00,9,-32,-15
276,1.00,0.00,-0.00,0.00,0,-40,-26
277,1.00,0.00,-0.00,0.00,5,-32,-30
278,1.00,0.00,-0.00,0.00,7,-27,-8
279,1.00,0.00,-0.00,0.00,-1,-18,6
280,1.00,0.00,-0.00,0.00,-3,-6,-5
281,1.00,0.00,-0.00,0.00,-3,-3,12
282,1.00,0.00,0.00,0.00,-11,9,18
283,1.00,0.00,0.00,0.00,-16,31,0
284,1.00,0.00,0.00,0.00,-14,21,6
285,1.00,0.00,0.00,0.00,-4,-9,22
286,1.00,0.00,0.00,0.00,-4,-29,18
287,1.00,0.00,0.00,0.00,-7,-39,0
288,1.00,0.00,0.00,0.00,-6,-42,4
289,1.00,0.00,0.00,0.00,-7,-50,26
290,1.00,0.00,0.00,0.00,-8,-42,30
291,1.00,0.00,0.00,0.00,-12,-16,15
292,1.00,0.00,0.00,0.00,-9,25,15
293,1.00,0.00,0.00,0.00,-1,45,12
294,1.00,0.00,0.00,0.00,4,61,23
295,1.00,0.00,0.00,0.00,19,172,-15
296,1.00,0.00,0.00,0.00,25,204,-18
297,1.00,0.00,-0.00,0.00,20,156,-12
298,1.00,0.00,-0.00,0.00,16,157,-46
299,1.00,0.00,-0.00,0.00,34,139,-61
300,1.00,0.00,-0.00,0.00,24,78,-9
301,1.00,0.00,-0.00,0.00,1,57,-8
302,1.00,0.00,-0.00,0.00,5,18,-15
303,1.00,0.00,-0.00,0.00,4,-7,5
304,1.00,0.00,-0.00,0.00,14,20,-15
305,1.00,0.00,-0.00,0.00,5,-17,20
306,1.00,0.00,-0.00,0.00,-11,-14,40
307,1.00,0.00,-0.00,0.00,0,0,7
308,1.00,0.00,-0.00,0.00,11,-17,4
309,1.00,0.00,-0.00,0.00,-2,19,-15
310,1.00,0.00,-0.00,0.00,-27,-15,22
311,1.00,0.00,-0.00,0.00,-29,0,18
312,1.00,0.00,-0.00,0.00,5,-13,7
313,1.00,0.00,-0.00,0.00,4,-3,1
314,1.00,0.00,-0.00,0.00,-13,-7,14
315,1.00,0.00,-0.00,0.00,-10,-4,0
316,1.00,0.00,-0.00,0.00,-8,-25,4
317,1.00,0.00,-0.00,0.00,-12,-14,0
318,1.00,0.00,-0.00,0.00,13,-4,-14
319,1.00,0.00,-0.00,0.00,17,-20,0
320,1.00,0.00,-0.00,0.00,28,-7,-29
321,1.00,0.00,-0.00,0.00,30,-31,-19
322,1.00,0.00,-0.00,0.00,17,-18,6
323,1.00,0.00,-0.00,0.00,21,-64,19
324,1.00,0.00,-0.00,0.00,37,0,-33
325,1.00,0.00,-0.00,0.00,26,-11,4
326,1.00,0.00,-0.00,0.00,-5,4,15
327,1.00,0.00,-0.00,0.00,9,-11,-9
328,1.00,0.00,-0.00,0.00,14,-30,4
329,1.00,0.00,-0.00,0.00,4,-14,8
330,1.00,0.00,-0.00,0.00,-18,32,7
331,1.00,0.00,-0.00,0.00,-15,0,31
332,1.00,0.00,-0.00,0.00,-9,-22,33
333,1.00,0.00,-0.00,0.00,-6,-4,10
334,1.00,0.00,-0.00,0.00,-23,-11,13
335,1.00,0.00,-0.00,0.00,-4,3,-20
336,1.00,0.00,-0.00,0.00,-16,-15,3
337,1.00,0.00,-0.00,0.00,13,3,-2
338,1.00,0.00,-0.00,0.00,0,-13,12
339,1.00,0.00,-0.00,0.00,-23,-12,-2
340,1.00,0.00,-0.00,0.00,0,-22,-15
341,1.00,0.00,-0.00,0.00,26,-21,-15
342,1.00,0.00,-0.00,0.00,-9,-13,13
343,1.00,0.00,-0.00,0.00,8,4,-16
344,1.00,0.00,-0.00,0.00,-15,-5,0
345,1.00,0.00,-0.00,0.00,-1,0,-6
346,1.00,0.00,-0.00,0.00,-7,-13,-7
347,1.00,0.00,-0.00,0.00,2,1,-3
348,1.00,0.00,-0.00,0.00,-8,-15,34
349,1.00,0.00,-0.00,0.00,-35,2,22
350,1.00,0.00,-0.00,0.00,-26,-4,6
351,1.00,0.00,-0.00,0.00,4,16,-16
352,1.00,0.00,-0.00,0.00,-2,-2,12
353,1.00,0.00,-0.00,0.00,-6,4,12
354,1.00,0.00,-0.00,0.00,8,-6,0
355,1.00,0.00,-0.00,0.00,-1,0,7
356,1.00,0.00,-0.00,0.00,4,1,18
357,1.00,0.00,-0.00,0.00,24,-9,16
358,1.00,0.00,-0.00,0.00,3,-7,0
359,1.00,0.00,-0.00,0.00,-5,0,-2
360,1.00,0.00,-0.00,0.00,-13,4,-13
361,1.00,0.00,-0.00,0.00,3,-19,-1
362,1.00,0.00,-0.00,0.00,2,11,-10
363,1.00,0.00,-0.00,0.00,0,-21,21
364,1.00,0.00,-0.00,0.00,9,12,-24
365,1.00,0.00,-0.00,0.00,11,-14,-19
366,1.00,0.00,-0.00,0.00,8,-7,-7
367,1.00,0.00,-0.00,0.00,11,-21,5
368,1.00,0.00,-0.00,0.00,0,-2,3
369,1.00,0.00,-0.00,0.00,-17,-12,3
370,1.00,0.00,-0.00,0.00,-10,-9,16
371,1.00,0.00,-0.00,0.00,-1,24,-14
372,1.00,0.00,-0.00,0.00,-27,-14,14
373,1.00,0.00,-0.00,0.00,9,-1,-26
374,1.00,0.00,-0.00,0.00,-4,-30,14
375,1.00,0.00,-0.00,0.00,-5,6,-13
376,1.00,0.00,-0.00,0.00,1,-16,13
377,1.00,0.00,-0.00,0.00,5,-1,21
378,1.00,0.00,-0.00,0.00,-8,-15,15
379,1.00,0.00,-0.00,0.00,-3,-8,1
380,1.00,0.00,-0.00,0.00,-7,-24,22
381,1.00,0.00,-0.00,0.00,13,8,-19
382,1.00,0.00,-0.00,0.00,-13,-33,15
383,1.00,0.00,-0.00,0.00,3,21,-24
384,1.00,0.00,-0.00,0.00,-8,-19,14
385,1.00,0.00,-0.00,0.00,5,0,-21
386,1.00,0.00,-0.00,0.00,11,-19,-4
387,1.00,0.00,-0.00,0.00,15,3,-14
388,1.00,0.00,-0.00,0.00,-8,-17,1
389,1.00,0.00,-0.00,0.00,-9,8,-18
390,1.00,0.00,-0.00,0.00,-7,-6,-10
391,1.00,0.00,-0.00,0.00,-16,-5,-12
392,1.00,0.00,-0.00,0.00,10,0,-13
393,1.00,0.00,-0.00,0.00,4,-16,-4
394,1.00,0.00,-0.00,0.00,-12,0,-10
395,1.00,0.00,-0.00,0.00,-6,11,-18
396,1.00,0.00,-0.00,0.00,-3,17,-25
397,1.00,0.00,-0.00,0.00,-6,-20,8
398,1.00,0.00,-0.00,0.00,-16,-5,-2
399,1.00,0.00,-0.00,0.00,1,-13,-18
400,1.00,0.00,-0.00,0.00,7,-17,5
401,1.00,0.00,-0.00,0.00,14,4,-13
402,1.00,0.00,-0.00,0.00,4,0,-2
403,1.00,0.00,-0.00,0.00,-5,0,-1
404,1.00,0.00,-0.00,0.00,7,11,-34
405,1.00,0.00,-0.00,0.00,7,-20,-11
406,1.00,0.00,-0.00,0.00,16,-4,-9
407,1.00,0.00,-0.00,0.00,8,-24,0
408,1.00,0.00,-0.00,0.00,-9,0,-16
409,1.00,0.00,-0.00,0.00,1,-13,-1
410,1.00,0.00,-0.00,0.00,-12,-3,4
411,1.00,0.00,-0.00,0.00,5,-24,1
412,1.00,0.00,-0.00,0.00,38,-5,-18
413,1.00,0.00,-0.00,0.00,-1,-14,2
414,1.00,0.00,-0.00,0.00,-23,-15,-5
415,1.00,0.00,-0.00,0.00,-7,2,-34
416,1.00,0.00,-0.00,0.00,1,-1,0
417,1.00,0.00,-0.00,0.00,5,10,21
418,1.00,0.00,-0.00,0.00,1,0,5
419,1.00,0.00,-0.00,0.00,-1,-21,-9
420,1.00,0.00,-0.00,0.00,-5,-3,-19
421,1.00,0.00,-0.00,0.00,-13,18,-18
422,1.00,0.00,-0.00,0.00,-12,-2,15
423,1.00,0.00,-0.00,0.00,20,7,16
424,1.00,0.00,-0.00,0.00,11,-11,30
425,1.00,0.00,-0.00,0.00,8,4,-14
426,1.00,0.00,-0.00,0.00,-15,-31,15
427,1.00,0.00,-0.00,0.00,-9,5,-14
428,1.00,0.00,-0.00,0.00,-27,-23,16
429,1.00,0.00,-0.00,0.00,-4,14,-7
430,1.00,0.00,-0.00,0.00,4,-20,14
431,1.00,0.00,-0.00,0.00,8,7,-18
432,1.00,0.00,-0.00,0.00,-136,-25,23
433,1.00,0.00,0.00,0.00,-47,34,-41
434,1.00,0.00,0.00,0.00,19,-50,-132
435,1.00,0.00,0.00,0.00,-68,-12,20
436,1.00,0.00,0.00,0.00,26,-48,-8
437,1.00,0.00,0.00,0.00,-22,-50,56
438,1.00,0.00,-0.00,0.00,-58,-51,24
439,1.00,0.00,0.00,0.00,-49,-52,35
440,1.00,0.00,-0.00,0.00,24,20,-3
441,1.00,0.00,-0.00,0.00,-54,22,86
442,1.00,0.00,0.00,0.00,-122,85,37
443,1.00,0.00,0.00,0.00,-138,58,65
444,1.00,0.00,0.00,0.00,-19,92,8
445,1.00,0.00,0.00,0.00,33,87,-45
446,1.00,0.00,0.00,0.00,45,20,-69
447,1.00,0.00,-0.00,0.00,65,10,-205
448,1.00,0.00,0.00,0.00,-23,-35,-154
449,1.00,0.00,0.00,0.00,122,-45,-89
450,1.00,0.00,-0.00,0.00,145,0,-95
451,1.00,0.00,-0.00,0.00,111,-59,20
452,1.00,0.00,-0.00,0.00,97,-15,-9
453,1.00,0.00,-0.00,0.00,95,-93,-25
454,1.00,0.00,-0.00,0.00,123,-165,83
455,1.00,0.00,-0.00,0.00,139,-62,73
456,1.00,0.00,-0.00,0.00,115,-123,200
457,1.00,0.00,-0.00,0.00,128,-75,160
458,1.00,0.00,-0.00,0.00,31,-98,162
459,1.00,-0.00,-0.00,0.00,29,-172,238
460,1.00,-0.00,-0.00,0.00,123,-96,170
461,1.00,-0.00,-0.00,0.00,202,-87,243
462,1.00,-0.00,-0.00,0.00,145,-147,266
463,1.00,-0.00,-0.00,0.00,43,-59,113
464,1.00,-0.00,-0.00,0.00,81,-185,37
465,1.00,-0.00,-0.00,0.00,178,-113,9
466,1.00,-0.00,-0.00,0.00,159,-62,107
467,1.00,-0.00,-0.00,0.00,190,-111,29
468,1.00,-0.00,-0.00,0.00,133,-77,-105
469,1.00,-0.00,-0.00,0.00,87,-155,-118
470,1.00,-0.00,-0.00,0.00,184,-150,-29
471,1.00,-0.00,-0.00,0.00,243,-26,-140
472,1.00,-0.00,-0.00,0.00,156,-131,-142
473,1.00,-0.00,-0.00,0.00,68,-73,-232
474,1.00,-0.00,-0.00,0.00,81,-125,-195
475,1.00,-0.00,-0.00,0.00,212,-122,-189
476,1.00,-0.00,-0.00,0.00,243,-29,-194
477,1.00,-0.00,-0.00,0.00,130,-63,-131
478,1.00,-0.00,-0.00,0.00,93,-49,-232
479,1.00,-0.00,-0.00,0.00,47,-36,-210
480,1.00,-0.00,-0.00,0.00,133,0,-187
481,1.00,-0.00,-0.00,0.00,107,-19,-115
482,1.00,-0.00,-0.00,0.00,60,39,-242
483,1.00,-0.00,-0.00,0.00,-33,14,-326
484,1.00,-0.00,-0.00,0.00,-80,55,-325
485,1.00,-0.00,-0.00,0.00,15,26,-273
486,1.00,-0.00,-0.00,0.00,50,76,-250
487,1.00,-0.00,-0.00,0.00,53,22,-333
488,1.00,-0.00,-0.00,0.00,-145,58,-329
489,1.00,-0.00,-0.00,0.00,-273,162,-328
490,1.00,-0.00,-0.00,0.00,-152,68,-225
491,1.00,-0.00,-0.00,0.00,-42,133,-242
492,1.00,-0.00,-0.00,0.00,-142,31,-93
493,1.00,-0.00,-0.00,0.00,-221,135,-170
494,1.00,-0.00,-0.00,0.00,-209,124,-225
495,1.00,-0.00,-0.00,0.00,-195,-2,-125
496,1.00,-0.00,-0.00,0.00,-166,100,-72
497,1.00,-0.00,-0.00,0.00,-131,163,-80
498,1.00,0.00,-0.00,0.00,-200,65,5
499,1.00,0.00,-0.00,0.00,-281,131,32
500,1.00,0.00,-0.00,0.00,-172,79,89
501,1.00,0.00,-0.00,0.00,-61,121,112
502,1.00,0.00,-0.00,0.00,-111,130,202
503,1.00,0.00,-0.00,0.00,-140,132,165
504,1.00,0.00,-0.00,0.00,-223,117,181
505,1.00,0.00,-0.00,0.00,-153,89,235
506,1.00,0.00,-0.00,0.00,-2,47,324
507,1.00,0.00,-0.00,0.00,-2,58,343
508,1.00,0.00,-0.00,0.00,-65,-28,400
509,1.00,0.00,-0.00,0.00,-124,17,280
510,1.00,0.00,-0.00,0.00,-66,-89,377
511,1.00,0.00,-0.00,0.00,69,-69,409
512,1.00,0.00,-0.00,0.00,114,-14,360
513,1.00,0.00,-0.00,0.00,103,-95,318
514,1.00,-0.00,-0.00,0.00,-29,-60,174
515,1.00,-0.00,-0.00,0.00,36,-104,105
516,1.00,-0.00,-0.00,0.00,154,-132,165
517,1.00,-0.00,-0.00,0.00,217,-79,89
518,1.00,-0.00,-0.00,0.00,210,-142,35
519,1.00,-0.00,-0.00,0.00,112,-102,-76
520,1.00,-0.00,-0.00,0.00,118,-169,-152
521,1.00,-0.00,-0.00,0.00,183,-176,-116
522,1.00,-0.00,-0.00,0.00,209,-109,-161
523,1.00,-0.00,-0.00,0.00,159,-187,-163
524,1.00,-0.00,-0.00,0.00,142,-120,-313
525,1.00,-0.00,-0.00,0.00,76,-111,-415
526,1.00,-0.00,-0.00,0.00,67,-85,-283
527,1.00,-0.00,-0.00,0.00,85,26,-254
528,1.00,-0.00,-0.00,0.00,32,34,-255
529,1.00,-0.00,-0.00,0.00,-45,28,-287
530,1.00,-0.00,-0.00,0.00,-55,62,-236
531,1.00,-0.00,-0.00,0.00,0,18,-160
532,1.00,-0.00,-0.00,0.00,29,99,-196
533,1.00,-0.00,-0.00,0.00,-10,46,-229
534,1.00,-0.00,-0.00,0.00,-75,72,-225
535,1.00,-0.00,-0.00,0.00,-204,152,-188
536,1.00,-0.00,-0.00,0.00,-141,176,-125
537,1.00,-0.00,-0.00,0.00,-59,164,-83
538,1.00,0.00,-0.00,0.00,-119,221,-102
539,1.00,0.00,-0.00,0.00,-232,158,-6
540,1.00,0.00,-0.00,0.00,-293,223,17
541,1.00,0.00,-0.00,0.00,-218,74,168
542,1.00,0.00,-0.00,0.00,-116,142,202
543,1.00,0.00,-0.00,0.00,-115,209,191
544,1.00,0.00,-0.00,0.00,-224,111,290
545,1.00,0.00,-0.00,0.00,-250,134,234
546,1.00,0.00,-0.00,0.00,-131,-9,314
547,1.00,0.00,-0.00,0.00,-21,7,348
548,1.00,0.00,-0.00,0.00,-38,52,380
549,1.00,0.00,-0.00,0.00,-79,-52,435
550,1.00,0.00,-0.00,0.00,1,-63,285
551,1.00,0.00,-0.00,0.00,122,-178,288
552,1.00,-0.00,-0.00,0.00,178,-176,297
553,1.00,-0.00,-0.00,0.00,160,-41,322
554,1.00,-0.00,-0.00,0.00,127,-107,294
555,1.00,-0.00,-0.00,0.00,151,-131,85
556,1.00,-0.00,-0.00,0.00,189,-167,48
557,1.00,-0.00,-0.00,0.00,303,-165,4
558,1.00,-0.00,-0.00,0.00,299,-100,-70
559,1.00,-0.00,-0.00,0.00,224,-123,-165
560,1.00,-0.00,-0.00,0.00,198,-108,-268
561,1.00,-0.00,-0.00,0.00,157,-65,-275
562,1.00,-0.00,-0.00,0.00,190,-77,-225
563,1.00,-0.00,-0.00,0.00,132,-10,-226
564,1.00,-0.00,-0.00,0.00,52,-3,-290
565,1.00,-0.00,-0.00,0.00,-48,28,-328
566,1.00,-0.00,-0.00,0.00,-82,13,-280
567,1.00,-0.00,-0.00,0.00,-39,4,-184
568,1.00,-0.00,-0.00,0.00,29,28,-223
569,1.00,-0.00,-0.00,0.00,-88,7,-220
570,1.00,-0.00,-0.00,0.00,-265,113,-196
571,1.00,0.00,-0.00,0.00,-240,171,-178
572,1.00,-0.00,-0.00,0.00,-186,81,6
573,1.00,0.00,-0.00,0.00,-114,206,-124
574,1.00,0.00,-0.00,0.00,-164,70,-5
575,1.00,0.00,-0.00,0.00,-240,116,66
576,1.00,0.00,-0.00,0.00,-198,144,26
577,1.00,0.00,-0.00,0.00,-140,14,198
578,1.00,0.00,-0.00,0.00,-101,167,151
579,1.00,0.00,-0.00,0.00,-105,103,262
580,1.00,0.00,-0.00,0.00,-158,100,220
581,1.00,0.00,-0.00,0.00,-43,19,179
582,1.00,0.00,-0.00,0.00,49,-113,346
583,1.00,0.00,-0.00,0.00,123,29,321
584,1.00,0.00,-0.00,0.00,63,-46,403
585,1.00,0.00,-0.00,0.00,50,-67,316
586,1.00,0.00,-0.00,0.00,112,-112,135
587,1.00,-0.00,-0.00,0.00,163,-205,149
588,1.00,-0.00,-0.00,0.00,209,-103,85
589,1.00,-0.00,-0.00,0.00,203,-156,123
590,1.00,-0.00,-0.00,0.00,153,-174,115
591,1.00,-0.00,-0.00,0.00,96,-103,-44
592,1.00,-0.00,-0.00,0.00,89,-144,41
593,1.00,-0.00,-0.00,0.00,166,-58,-47
594,1.00,-0.00,-0.00,0.00,174,-68,-138
595,1.00,-0.00,-0.00,0.00,115,-76,-179
596,1.00,-0.00,-0.00,0.00,36,22,-312
597,1.00,-0.00,-0.00,0.00,38,-44,-197
598,1.00,-0.00,-0.00,0.00,96,56,-241
599,1.00,-0.00,-0.00,0.00,33,81,-318
600,1.00,-0.00,-0.00,0.00,-51,15,-271
601,1.00,-0.00,-0.00,0.00,-98,178,-408
602,1.00,0.00,-0.00,0.00,-78,68,-285
603,1.00,-0.00,-0.00,0.00,-50,108,-216
604,1.00,0.00,-0.00,0.00,-50,151,-288
605,1.00,-0.00,-0.00,0.00,-173,62,-135
606,1.00,0.00,-0.00,0.00,-235,188,-131
607,1.00,0.00,-0.00,0.00,-187,66,5
608,1.00,0.00,-0.00,0.00,-86,72,49
609,1.00,0.00,-0.00,0.00,-64,166,128
610,1.00,0.00,-0.00,0.00,-249,49,389
611,1.00,0.00,-0.00,0.00,-192,125,237
612,1.00,0.00,-0.00,0.00,-64,-56,227
613,1.00,0.00,-0.00,0.00,-21,-88,343
614,1.00,0.00,-0.00,0.00,-33,56,377
615,1.00,0.00,-0.00,0.00,-22,-41,444
616,1.00,0.00,-0.00,0.00,35,-63,208
617,1.00,0.00,-0.00,0.00,85,-126,144
618,1.00,-0.00,-0.00,0.00,105,-184,266
619,1.00,-0.00,-0.00,0.00,233,2,105
620,1.00,-0.00,-0.00,0.00,242,-173,89
621,1.00,-0.00,-0.00,0.00,156,-146,17
622,1.00,-0.00,-0.00,0.00,162,-66,-29
623,1.00,-0.00,-0.00,0.00,232,-158,43
624,1.00,-0.00,-0.00,0.00,185,-28,-101
625,1.00,-0.00,-0.00,0.00,101,-114,-254
626,1.00,-0.00,-0.00,0.00,45,-133,-230
627,1.00,-0.00,-0.00,0.00,22,29,-308
628,1.00,-0.00,-0.00,0.00,71,-87,-186
629,1.00,-0.00,-0.00,0.00,76,35,-286
630,1.00,-0.00,-0.00,0.00,-37,31,-273
631,1.00,-0.00,-0.00,0.00,-199,38,-198
632,1.00,-0.00,-0.00,0.00,-136,99,-275
633,1.00,-0.00,-0.00,0.00,-81,-8,-134
634,1.00,-0.00,-0.00,0.00,-67,83,-245
635,1.00,-0.00,-0.00,0.00,-114,111,-261
636,1.00,-0.00,-0.00,0.00,-195,69,-156
637,1.00,-0.00,-0.00,0.00,-212,187,-193
638,1.00,-0.00,-0.00,0.00,-166,73,24
639,1.00,-0.00,-0.00,0.00,-67,192,-9
640,1.00,0.00,-0.00,0.00,-114,164,31
641,1.00,-0.00,-0.00,0.00,-150,65,79
642,1.00,0.00,-0.00,0.00,-84,105,24
643,1.00,-0.00,-0.00,0.00,-50,-14,145
644,1.00,-0.00,-0.00,0.00,65,50,164
645,1.00,-0.00,-0.00,0.00,82,28,172
646,1.00,-0.00,-0.00,0.00,11,-43,229
647,1.00,-0.00,-0.00,0.00,84,-73,114
648,1.00,-0.00,-0.00,0.00,132,-183,201
649,1.00,-0.00,-0.00,0.00,186,-107,196
650,1.00,-0.00,-0.00,0.00,153,-100,209
651,1.00,-0.00,-0.00,0.00,149,-144,139
652,1.00,-0.00,-0.00,0.00,161,-150,-63
653,1.00,-0.00,-0.00,0.00,121,-226,12
654,1.00,-0.00,-0.00,0.00,149,-110,1
655,1.00,-0.00,-0.00,0.00,158,-80,-48
656,1.00,-0.00,-0.00,0.00,94,-111,-85
657,1.00,-0.00,-0.00,0.00,8,16,-242
658,1.00,-0.00,-0.00,0.00,62,-34,-195
659,1.00,-0.00,-0.00,0.00,57,29,-213
660,1.00,-0.00,-0.00,0.00,37,87,-352
661,1.00,-0.00,-0.00,0.00,-16,34,-309
662,1.00,-0.00,-0.00,0.00,-138,183,-327
663,1.00,-0.00,-0.00,0.00,-168,162,-130
664,1.00,-0.00,-0.00,0.00,-111,188,-64
665,1.00,-0.00,-0.00,0.00,-105,191,-103
666,1.00,-0.00,-0.00,0.00,-196,128,-8
667,1.00,0.00,-0.00,0.00,-257,226,-8
668,1.00,0.00,-0.00,0.00,-225,121,130
669,1.00,0.00,-0.00,0.00,-146,100,250
670,1.00,0.00,-0.00,0.00,-108,173,214
671,1.00,0.00,-0.00,0.00,-150,16,378
672,1.00,0.00,-0.00,0.00,-183,79,280
673,1.00,0.00,-0.00,0.00,-97,-53,383
674,1.00,0.00,-0.00,0.00,-15,-40,399
675,1.00,0.00,-0.00,0.00,84,59,267
676,1.00,0.00,-0.00,0.00,2,-151,389
677,1.00,-0.00,-0.00,0.00,49,-22,180
678,1.00,0.00,-0.00,0.00,180,-139,79
679,1.00,-0.00,-0.00,0.00,188,-187,115
680,1.00,-0.00,-0.00,0.00,183,-31,-7
681,1.00,-0.00,-0.00,0.00,124,-130,-14
682,1.00,-0.00,-0.00,0.00,123,-47,-251
683,1.00,-0.00,-0.00,0.00,78,-59,-338
684,1.00,-0.00,-0.00,0.00,118,-121,-290
685,1.00,-0.00,-0.00,0.00,114,6,-399
686,1.00,-0.00,-0.00,0.00,53,-73,-380
687,1.00,-0.00,-0.00,0.00,26,-50,-440
688,1.00,-0.00,-0.00,0.00,13,6,-463
689,1.00,-0.00,-0.00,0.00,5,-73,-298
690,1.00,-0.00,-0.00,0.00,-40,118,-408
691,1.00,-0.00,-0.00,0.00,-167,8,-263
692,1.00,-0.00,-0.00,0.00,-195,85,-202
693,1.00,0.00,-0.00,0.00,-177,113,-123
694,1.00,-0.00,-0.00,0.00,-92,-11,43
695,1.00,-0.00,-0.00,0.00,-81,176,25
696,1.00,0.00,-0.00,0.00,-144,50,255
697,1.00,-0.00,-0.00,0.00,-170,85,225
698,1.00,0.00,-0.00,0.00,-98,133,156
699,1.00,-0.00,-0.00,0.00,-28,-52,345
700,1.00,-0.00,-0.00,0.00,8,102,323
701,1.00,0.00,-0.00,0.00,5,-22,407
702,1.00,-0.00,-0.00,0.00,0,-44,342
703,1.00,-0.00,-0.00,0.00,55,-42,153
704,1.00,-0.00,-0.00,0.00,88,-111,281
705,1.00,-0.00,-0.00,0.00,156,-18,199
706,1.00,-0.00,-0.00,0.00,100,-96,155
707,1.00,-0.00,-0.00,0.00,54,-56,21
708,1.00,-0.00,-0.00,0.00,102,-13,-148
709,1.00,-0.00,-0.00,0.00,91,-151,-34
710,1.00,-0.00,-0.00,0.00,163,-9,-196
711,1.00,-0.00,-0.00,0.00,134,-93,-294
712,1.00,-0.00,-0.00,0.00,-46,-87,-256
713,1.00,-0.00,-0.00,0.00,-2,92,-460
714,1.00,-0.00,-0.00,0.00,35,-44,-377
715,1.00,-0.00,-0.00,0.00,64,83,-455
716,1.00,-0.00,-0.00,0.00,-50,102,-382
717,1.00,-0.00,-0.00,0.00,-134,69,-311
718,1.00,-0.00,-0.00,0.00,-136,165,-343
719,1.00,-0.00,-0.00,0.00,-146,7,-41
720,1.00,-0.00,-0.00,0.00,0,159,-155
721,1.00,0.00,-0.00,0.00,-74,86,21
722,1.00,-0.00,-0.00,0.00,-212,63,137
723,1.00,0.00,-0.00,0.00,-157,131,97
724,1.00,0.00,-0.00,0.00,-142,-38,336
725,1.00,-0.00,-0.00,0.00,-15,75,308
726,1.00,0.00,-0.00,0.00,-53,58,397
727,1.00,-0.00,-0.00,0.00,-63,-47,426
728,1.00,0.00,-0.00,0.00,-23,49,278
729,1.00,-0.00,-0.00,0.00,36,-142,400
730,1.00,-0.00,-0.00,0.00,117,-13,307
731,1.00,0.00,-0.00,0.00,117,-18,239
732,1.00,-0.00,-0.00,0.00,101,-158,225
733,1.00,-0.00,-0.00,0.00,159,-48,-71
734,1.00,-0.00,-0.00,0.00,120,-202,46
735,1.00,-0.00,-0.00,0.00,194,-69,-80
736,1.00,-0.00,-0.00,0.00,142,-55,-190
737,1.00,-0.00,-0.00,0.00,90,-168,-207
738,1.00,-0.00,-0.00,0.00,71,41,-369
739,1.00,-0.00,-0.00,0.00,27,-94,-213
740,1.00,-0.00,-0.00,0.00,58,-24,-213
741,1.00,-0.00,-0.00,0.00,19,67,-392
742,1.00,-0.00,-0.00,0.00,-63,-101,-290
743,1.00,-0.00,-0.00,0.00,-239,127,-303
744,1.00,-0.00,-0.00,0.00,-193,74,-154
745,1.00,-0.00,-0.00,0.00,-74,57,-97
746,1.00,-0.00,-0.00,0.00,-113,207,-96
747,1.00,-0.00,-0.00,0.00,-254,36,184
748,1.00,-0.00,-0.00,0.00,-207,213,115
749,1.00,0.00,-0.00,0.00,-105,72,264
750,1.00,-0.00,-0.00,0.00,-57,41,418
751,1.00,0.00,-0.00,0.00,-31,164,288
752,1.00,0.00,-0.00,0.00,-47,-50,445
753,1.00,-0.00,-0.00,0.00,-34,77,252
754,1.00,0.00,-0.00,0.00,22,-47,235
755,1.00,-0.00,-0.00,0.00,62,-127,281
756,1.00,-0.00,-0.00,0.00,170,42,68
757,1.00,-0.00,-0.00,0.00,101,-184,151
758,1.00,-0.00,-0.00,0.00,119,-83,-90
759,1.00,-0.00,-0.00,0.00,98,-133,-66
760,1.00,-0.00,-0.00,0.00,114,-164,-28
761,1.00,-0.00,-0.00,0.00,146,66,-248
762,1.00,-0.00,-0.00,0.00,36,-131,-237
763,1.00,-0.00,-0.00,0.00,47,-51,-366
764,1.00,-0.00,-0.00,0.00,56,0,-424
765,1.00,-0.00,-0.00,0.00,79,-117,-304
766,1.00,-0.00,-0.00,0.00,89,92,-450
767,1.00,-0.00,-0.00,0.00,-39,-39,-371
768,1.00,-0.00,-0.00,0.00,-140,58,-347
769,1.00,-0.00,-0.00,0.00,-128,102,-327
770,1.00,-0.00,-0.00,0.00,-41,-9,-144
771,1.00,-0.00,-0.00,0.00,-76,155,-90
772,1.00,-0.00,-0.00,0.00,-247,17,211
773,1.00,-0.00,-0.00,0.00,-192,101,217
774,1.00,0.00,-0.00,0.00,-136,68,212
775,1.00,-0.00,-0.00,0.00,-87,-97,369
776,1.00,-0.00,-0.00,0.00,-97,113,341
777,1.00,0.00,-0.00,0.00,-133,11,444
778,1.00,-0.00,-0.00,0.00,-65,-42,362
779,1.00,-0.00,-0.00,0.00,8,-89,249
780,1.00,-0.00,-0.00,0.00,86,-187,314
781,1.00,-0.00,-0.00,0.00,174,3,188
782,1.00,-0.00,-0.00,0.00,117,-107,181
783,1.00,-0.00,-0.00,0.00,120,-157,0
784,1.00,-0.00,-0.00,0.00,136,-7,-136
785,1.00,-0.00,-0.00,0.00,192,-133,-54
786,1.00,-0.00,-0.00,0.00,200,-45,-200
787,1.00,-0.00,-0.00,0.00,86,-86,-263
788,1.00,-0.00,-0.00,0.00,-1,-32,-298
789,1.00,-0.00,-0.00,0.00,-35,97,-365
790,1.00,-0.00,-0.00,0.00,-56,-14,-173
791,1.00,-0.00,-0.00,0.00,25,84,-295
792,1.00,-0.00,-0.00,0.00,-32,51,-265
793,1.00,-0.00,-0.00,0.00,-193,13,-156
794,1.00,-0.00,-0.00,0.00,-222,168,-202
795,1.00,-0.00,-0.00,0.00,-148,40,6
796,1.00,-0.00,-0.00,0.00,-138,216,-20
797,1.00,0.00,-0.00,0.00,-212,202,120
798,1.00,-0.00,-0.00,0.00,-228,130,200
799,1.00,0.00,-0.00,0.00,-192,192,174
800,1.00,-0.00,-0.00,0.00,-76,74,308
801,1.00,-0.00,-0.00,0.00,-14,102,361
802,1.00,0.00,-0.00,0.00,-23,143,383
803,1.00,-0.00,-0.00,0.00,-127,-6,353
804,1.00,0.00,-0.00,0.00,-24,61,128
805,1.00,0.00,-0.00,0.00,56,-84,279
806,1.00,-0.00,-0.00,0.00,185,0,181
807,1.00,-0.00,-0.00,0.00,140,-22,82
808,1.00,-0.00,-0.00,0.00,32,-116,17
809,1.00,-0.00,-0.00,0.00,85,-51,-155
810,1.00,-0.00,-0.00,0.00,84,-154,-38
811,1.00,-0.00,-0.00,0.00,167,-48,-131
812,1.00,-0.00,-0.00,0.00,114,-36,-260
813,1.00,-0.00,-0.00,0.00,-13,-99,-276
814,1.00,-0.00,-0.00,0.00,-4,18,-459
815,1.00,-0.00,-0.00,0.00,11,-85,-259
816,1.00,-0.00,-0.00,0.00,79,-104,-258
817,1.00,-0.00,-0.00,0.00,-9,-3,-379
818,1.00,0.00,-0.00,0.00,-143,-22,-232
819,1.00,0.00,-0.00,0.00,-128,142,-276
820,1.00,0.00,-0.00,0.00,-167,67,-58
821,1.00,0.00,-0.00,0.00,-42,227,-80
822,1.00,0.00,-0.00,0.00,-107,156,118
823,1.00,0.00,-0.00,0.00,-190,39,141
824,1.00,0.00,0.00,0.00,-133,-9,79
825,1.00,0.00,-0.00,0.00,-25,-64,234
826,1.00,0.00,-0.00,0.00,-6,-35,288
827,1.00,0.00,-0.00,0.00,16,14,296
828,1.00,0.00,-0.00,0.00,-34,-41,337
829,1.00,0.00,-0.00,0.00,-62,-42,233
830,1.00,0.00,-0.00,0.00,62,-133,301
831,1.00,-0.00,-0.00,0.00,159,-149,270
832,1.00,-0.00,-0.00,0.00,186,-118,96
833,1.00,-0.00,-0.00,0.00,93,-207,124
834,1.00,-0.00,-0.00,0.00,90,-184,27
835,1.00,-0.00,-0.00,0.00,253,-105,-27
836,1.00,-0.00,-0.00,0.00,284,-197,116
837,1.00,-0.00,-0.00,0.00,244,-48,-124
838,1.00,-0.00,-0.00,0.00,101,-178,-180
839,1.00,-0.00,-0.00,0.00,37,-72,-157
840,1.00,-0.00,-0.00,0.00,149,-35,-138
841,1.00,-0.00,-0.00,0.00,145,-115,-53
842,1.00,-0.00,-0.00,0.00,167,85,-314
843,1.00,-0.00,-0.00,0.00,-31,-32,-268
844,1.00,-0.00,-0.00,0.00,-56,-24,-256
845,1.00,-0.00,-0.00,0.00,30,-5,-295
846,1.00,-0.00,-0.00,0.00,80,-29,-286
847,1.00,-0.00,-0.00,0.00,62,94,-375
848,1.00,-0.00,-0.00,0.00,-122,0,-244
849,1.00,-0.00,-0.00,0.00,-252,34,-233
850,1.00,-0.00,-0.00,0.00,-146,159,-324
851,1.00,-0.00,-0.00,0.00,-92,56,-143
852,1.00,-0.00,-0.00,0.00,-153,172,-145
853,1.00,0.00,-0.00,0.00,-253,195,-156
854,1.00,-0.00,-0.00,0.00,-280,68,-85
855,1.00,0.00,-0.00,0.00,-235,154,-118
856,1.00,0.00,-0.00,0.00,-131,18,82
857,1.00,0.00,-0.00,0.00,-69,135,49
858,1.00,0.00,-0.00,0.00,-208,117,129
859,1.00,0.00,0.00,0.00,-264,6,164
860,1.00,0.00,0.00,0.00,-204,234,93
861,1.00,0.00,0.00,0.00,-84,7,457
862,1.00,0.00,0.00,0.00,-34,104,393
863,1.00,0.00,0.00,0.00,-45,74,276
864,1.00,0.00,0.00,0.00,-176,-45,334
865,1.00,0.00,0.00,0.00,-82,117,165
866,1.00,0.00,0.00,0.00,18,-18,346
867,1.00,0.00,0.00,0.00,144,-1,366
868,1.00,0.00,0.00,0.00,65,23,289
869,1.00,0.00,0.00,0.00,-90,-120,348
870,1.00,0.00,0.00,0.00,76,-68,108
871,1.00,0.00,-0.00,0.00,181,-184,210
872,1.00,-0.00,-0.00,0.00,242,-171,302
873,1.00,-0.00,-0.00,0.00,215,-72,127
874,1.00,-0.00,-0.00,0.00,84,-220,21
875,1.00,-0.00,-0.00,0.00,70,-225,-20
876,1.00,-0.00,-0.00,0.00,270,-161,-105
877,1.00,-0.00,-0.00,0.00,344,-224,54
878,1.00,-0.00,-0.00,0.00,250,-70,-92
879,1.00,-0.00,-0.00,0.00,181,-200,-109
880,1.00,-0.00,-0.00,0.00,120,-139,-161
881,1.00,-0.00,-0.00,0.00,184,-39,-196
882,1.00,-0.00,-0.00,0.00,311,-182,-83
883,1.00,-0.00,-0.00,0.00,255,18,-289
884,1.00,-0.00,-0.00,0.00,104,-32,-311
885,1.00,-0.00,-0.00,0.00,-31,-34,-287
886,1.00,-0.00,-0.00,0.00,99,73,-263
887,1.00,-0.00,-0.00,0.00,200,-42,-113
888,1.00,-0.00,-0.00,0.00,130,41,-302
889,1.00,-0.00,-0.00,0.00,-15,0,-319
890,1.00,-0.00,-0.00,0.00,8,-77,-275
891,1.00,-0.00,-0.00,0.00,27,39,-385
892,1.00,-0.00,-0.00,0.00,48,-60,-186
893,1.00,-0.00,-0.00,0.00,81,77,-331
894,1.00,-0.00,-0.00,0.00,-10,105,-538
895,1.00,-0.00,-0.00,0.00,-165,-59,-443
896,1.00,-0.00,-0.00,0.00,-57,123,-595
897,1.00,-0.00,-0.00,0.00,60,41,-399
898,1.00,-0.00,-0.00,0.00,103,47,-331
899,1.00,-0.00,-0.00,0.00,-86,177,-495
900,1.00,-0.00,-0.00,0.00,-169,45,-430
901,1.00,-0.00,-0.00,0.00,-163,145,-436
902,1.00,-0.00,-0.00,0.00,-64,155,-395
903,1.00,-0.00,-0.00,0.00,0,58,-263
904,1.00,-0.00,-0.00,0.00,-169,188,-421
905,1.00,0.00,-0.00,0.00,-224,33,-411
906,1.00,-0.00,-0.00,0.00,-167,38,-364
907,1.00,0.00,-0.00,0.00,-123,199,-388
908,1.00,-0.00,-0.00,0.00,-54,-57,-225
909,1.00,-0.00,-0.00,0.00,-99,118,-451
910,1.00,0.00,-0.00,0.00,-266,12,-489
911,1.00,-0.00,-0.00,0.00,-276,-54,-446
912,1.00,0.00,-0.00,0.00,-159,204,-569
913,1.00,0.00,-0.00,0.00,-25,27,-423
914,1.00,-0.00,-0.00,0.00,-89,90,-396
915,1.00,0.00,-0.00,0.00,-245,216,-453
916,1.00,0.00,-0.00,0.00,-204,-34,-317
917,1.00,0.00,-0.00,0.00,-103,132,-354
918,1.00,0.00,-0.00,0.00,-22,19,-218
919,1.00,-0.00,-0.00,0.00,-53,10,-239
920,1.00,0.00,-0.00,0.00,-105,80,-406
921,1.00,0.00,-0.00,0.00,-24,-117,-391
922,1.00,0.00,-0.00,0.00,0,54,-476
923,1.00,0.00,-0.00,0.00,169,49,-443
924,1.00,0.00,-0.00,0.00,83,55,-362
925,1.00,0.00,-0.00,0.00,41,98,-500
926,1.00,0.00,-0.00,0.00,60,-118,-411
927,1.00,0.00,-0.00,0.00,107,14,-421
928,1.00,0.00,-0.00,0.00,209,-37,-299
929,1.00,0.00,-0.00,0.00,158,-14,-257
930,1.00,0.00,-0.00,0.00,124,15,-439
931,1.00,0.00,-0.00,0.00,21,-120,-273
932,1.00,0.00,-0.00,0.00,134,17,-470
933,1.00,0.00,-0.00,0.00,252,-98,-353
934,1.00,-0.00,-0.00,0.00,187,-66,-312
935,1.00,0.00,-0.00,0.00,183,3,-494
936,1.00,0.00,-0.00,0.00,43,-158,-364
937,1.00,-0.00,-0.00,0.00,116,-22,-399
938,1.00,0.00,-0.00,0.00,235,-83,-312
939,1.00,-0.00,-0.00,0.00,200,-174,-280
940,1.00,-0.00,-0.00,0.00,107,-82,-438
941,1.00,-0.00,-0.00,0.00,-27,-130,-375
942,1.00,-0.00,-0.00,0.00,-1,22,-359
943,1.00,-0.00,-0.00,0.00,74,-67,-246
944,1.00,-0.00,-0.00,0.00,93,-112,-214
945,1.00,-0.00,-0.00,0.00,69,42,-411
946,1.00,-0.00,-0.00,0.00,-84,-137,-341
947,1.00,-0.00,-0.00,0.00,-122,53,-339
948,1.00,0.00,-0.00,0.00,-39,103,-342
949,1.00,0.00,-0.00,0.00,87,64,-317
950,1.00,-0.00,-0.00,0.00,-42,167,-352
951,1.00,0.00,-0.00,0.00,-202,102,-367
952,1.00,0.00,-0.00,0.00,-193,139,-324
953,1.00,0.00,-0.00,0.00,-88,175,-213
954,1.00,0.00,-0.00,0.00,-101,69,-89
955,1.00,0.00,-0.00,0.00,-140,211,-151
956,1.00,0.00,-0.00,0.00,-308,121,-69
957,1.00,0.00,-0.00,0.00,-344,250,-64
958,1.00,0.00,-0.00,0.00,-262,216,-6
959,1.00,0.00,-0.00,0.00,-118,63,69
960,1.00,0.00,-0.00,0.00,-71,218,-14
961,1.00,0.00,-0.00,0.00,-233,73,87
962,1.00,0.00,-0.00,0.00,-322,172,81
963,1.00,0.00,0.00,0.00,-180,156,91
964,1.00,0.00,-0.00,0.00,-57,-13,264
965,1.00,0.00,-0.00,0.00,-63,120,198
966,1.00,0.00,-0.00,0.00,-179,3,298
967,1.00,0.00,0.00,0.00,-163,-33,225
968,1.00,0.00,0.00,0.00,-53,13,195
969,1.00,0.00,-0.00,0.00,-13,-94,398
970,1.00,0.00,-0.00,0.00,-19,43,312
971,1.00,0.00,-0.00,0.00,-102,-117,401
972,1.00,0.00,0.00,0.00,-128,-75,445
973,1.00,0.00,0.00,0.00,-26,-73,365
974,1.00,0.00,-0.00,0.00,61,-177,525
975,1.00,0.00,-0.00,0.00,81,-40,401
976,1.00,0.00,-0.00,0.00,5,-89,367
977,1.00,0.00,-0.00,0.00,-131,-146,376
978,1.00,0.00,-0.00,0.00,9,-7,252
979,1.00,0.00,-0.00,0.00,143,-154,343
980,1.00,0.00,-0.00,0.00,194,-35,186
981,1.00,0.00,-0.00,0.00,215,-148,95
982,1.00,0.00,-0.00,0.00,110,-196,55
983,1.00,0.00,-0.00,0.00,180,-49,-114
984,1.00,0.00,-0.00,0.00,273,-175,62
985,1.00,-0.00,-0.00,0.00,320,-176,56
986,1.00,-0.00,-0.00,0.00,321,-105,-184
987,1.00,-0.00,-0.00,0.00,198,-243,-147
988,1.00,-0.00,-0.00,0.00,212,-100,-310
989,1.00,-0.00,-0.00,0.00,209,-161,-177
990,1.00,-0.00,-0.00,0.00,354,-15,-156
991,1.00,-0.00,-0.00,0.00,156,25,-235
992,1.00,-0.00,-0.00,0.00,-16,-173,-216
993,1.00,-0.00,-0.00,0.00,70,45,-392
994,1.00,-0.00,-0.00,0.00,60,-43,-250
995,1.00,-0.00,-0.00,0.00,81,8,-225
996,1.00,-0.00,-0.00,0.00,14,80,-366
997,1.00,-0.00,-0.00,0.00,-63,-66,-368
998,1.00,-0.00,-0.00,0.00,-97,70,-472
999,1.00,-0.00,-0.00,0.00,-17,87,-388
1000,1.00,-0.00,-0.00,0.00,75,-24,-276
1001,1.00,-0.00,-0.00,0.00,-42,142,-421
1002,1.00,-0.00,-0.00,0.00,-214,35,-247
1003,1.00,-0.00,-0.00,0.00,-320,159,-218
1004,1.00,0.00,-0.00,0.00,-263,155,-160
1005,1.00,0.00,-0.00,0.00,-154,106,-25
1006,1.00,0.00,-0.00,0.00,-160,292,-155
1007,1.00,0.00,-0.00,0.00,-362,149,14
1008,1.00,0.00,-0.00,0.00,-436,180,74
1009,1.00,0.00,-0.00,0.00,-274,279,-62
1010,1.00,0.00,-0.00,0.00,-193,80,214
1011,1.00,0.00,-0.00,0.00,-230,313,140
1012,1.00,0.00,0.00,0.00,-268,176,122
1013,1.00,0.00,0.00,0.00,-336,111,285
1014,1.00,0.00,0.00,0.00,-168,190,86
1015,1.00,0.00,0.00,0.00,-125,0,235
1016,1.00,0.00,0.00,0.00,-55,159,185
1017,1.00,0.00,0.00,0.00,-160,37,281
1018,1.00,0.00,0.00,0.00,-271,-3,307
1019,1.00,0.00,0.00,0.00,-29,70,133
1020,1.00,0.00,0.00,0.00,75,-100,377
1021,1.00,0.00,0.00,0.00,33,60,341
1022,1.00,0.00,0.00,0.00,-79,5,379
1023,1.00,0.00,0.00,0.00,-44,-167,486
1024,1.00,0.00,0.00,0.00,58,50,225
1025,1.00,0.00,0.00,0.00,224,-170,295
1026,1.00,0.00,0.00,0.00,156,-42,302
1027,1.00,0.00,-0.00,0.00,58,-56,259
1028,1.00,0.00,0.00,0.00,76,-248,338
1029,1.00,0.00,0.00,0.00,162,-49,142
1030,1.00,0.00,-0.00,0.00,227,-224,220
1031,1.00,0.00,-0.00,0.00,293,-135,209
1032,1.00,0.00,-0.00,0.00,235,-78,105
1033,1.00,-0.00,-0.00,0.00,140,-277,61
1034,1.00,-0.00,-0.00,0.00,237,-162,-147
1035,1.00,-0.00,-0.00,0.00,307,-192,-32
1036,1.00,-0.00,-0.00,0.00,333,-220,52
1037,1.00,-0.00,-0.00,0.00,202,-101,-49
1038,1.00,-0.00,-0.00,0.00,127,-248,-41
1039,1.00,-0.00,-0.00,0.00,207,-164,-137
1040,1.00,-0.00,-0.00,0.00,211,-117,-59
1041,1.00,-0.00,-0.00,0.00,239,-166,68
1042,1.00,-0.00,-0.00,0.00,257,-46,-103
1043,1.00,-0.00,-0.00,0.00,122,-203,-99
1044,1.00,-0.00,-0.00,0.00,55,-115,-161
1045,1.00,-0.00,-0.00,0.00,119,-30,-171
1046,1.00,-0.00,-0.00,0.00,211,-137,-83
1047,1.00,-0.00,-0.00,0.00,134,44,-355
1048,1.00,-0.00,-0.00,0.00,50,-64,-466
1049,1.00,-0.00,-0.00,0.00,-23,-4,-435
1050,1.00,-0.00,-0.00,0.00,89,59,-431
1051,1.00,-0.00,-0.00,0.00,103,-102,-265
1052,1.00,-0.00,-0.00,0.00,23,99,-506
1053,1.00,-0.00,-0.00,0.00,-104,53,-482
1054,1.00,-0.00,-0.00,0.00,-110,-15,-357
1055,1.00,-0.00,-0.00,0.00,-47,119,-334
1056,1.00,-0.00,-0.00,0.00,-44,2,-186
1057,1.00,-0.00,-0.00,0.00,-16,118,-337
1058,1.00,-0.00,-0.00,0.00,-175,146,-458
1059,1.00,-0.00,-0.00,0.00,-302,46,-294
1060,1.00,-0.00,-0.00,0.00,-172,174,-372
1061,1.00,-0.00,-0.00,0.00,-59,60,-272
1062,1.00,-0.00,-0.00,0.00,-18,36,-327
1063,1.00,-0.00,-0.00,0.00,-239,160,-431
1064,1.00,-0.00,-0.00,0.00,-225,35,-436
1065,1.00,-0.00,-0.00,0.00,-142,166,-383
1066,1.00,0.00,-0.00,0.00,-63,90,-261
1067,1.00,-0.00,-0.00,0.00,-94,14,-187
1068,1.00,0.00,-0.00,0.00,-197,204,-281
1069,1.00,0.00,-0.00,0.00,-234,48,-206
1070,1.00,0.00,-0.00,0.00,-197,146,-188
1071,1.00,0.00,-0.00,0.00,-131,176,-135
1072,1.00,0.00,-0.00,0.00,-115,94,27
1073,1.00,0.00,-0.00,0.00,-210,312,-154
1074,1.00,0.00,0.00,0.00,-442,179,0
1075,1.00,0.00,0.00,0.00,-292,163,-98
1076,1.00,0.00,0.00,0.00,-149,279,-86
1077,1.00,0.00,0.00,0.00,-143,48,41
1078,1.00,0.00,0.00,0.00,-177,216,-113
1079,1.00,0.00,0.00,0.00,-252,189,-154
1080,1.00,0.00,0.00,0.00,-184,6,-63
1081,1.00,0.00,0.00,0.00,-136,171,-47
1082,1.00,0.00,0.00,0.00,-64,-29,90
1083,1.00,0.00,0.00,0.00,-86,97,-31
1084,1.00,0.00,0.00,0.00,-110,21,-4
1085,1.00,0.00,0.00,0.00,-186,-19,170
1086,1.00,0.00,0.00,0.00,-81,179,119
1087,1.00,0.00,0.00,0.00,-113,28,238
1088,1.00,0.00,0.00,0.00,-122,189,98
1089,1.00,0.00,0.00,0.00,-332,210,218
1090,1.00,0.00,0.00,0.00,-352,104,388
1091,1.00,0.00,0.00,0.00,-166,261,294
1092,1.00,0.00,0.00,0.00,-138,70,382
1093,1.00,0.00,0.00,0.00,-126,71,341
1094,1.00,0.00,0.00,0.00,-357,287,275
1095,1.00,0.00,0.00,0.00,-262,52,420
1096,1.00,0.00,0.00,0.00,-164,132,295
1097,1.00,0.00,0.00,0.00,-82,71,257
1098,1.00,0.00,0.00,0.00,-89,-21,427
1099,1.00,0.00,0.00,0.00,-182,135,364
1100,1.00,0.00,0.00,0.00,-99,-77,340
1101,1.00,0.00,0.00,0.00,-82,-33,304
1102,1.00,0.00,0.00,0.00,-86,122,301
1103,1.00,0.00,0.00,0.00,-76,73,490
1104,1.00,0.00,0.00,0.00,-104,129,369
1105,1.00,0.00,0.00,0.00,-154,20,360
1106,1.00,0.00,0.00,0.00,-99,-16,381
1107,1.00,0.00,0.00,0.00,-106,91,370
1108,1.00,0.00,0.00,0.00,-42,-91,499
1109,1.00,0.00,0.00,0.00,-44,105,340
1110,1.00,0.00,0.00,0.00,-174,33,444
1111,1.00,0.00,0.00,0.00,-177,-36,528
1112,1.00,0.00,0.00,0.00,-79,102,364
1113,1.00,0.00,0.00,0.00,-40,-117,496
1114,1.00,0.00,0.00,0.00,-41,-6,387
1115,1.00,0.00,0.00,0.00,-62,9,337
1116,1.00,0.00,0.00,0.00,-57,-131,464
1117,1.00,0.00,0.00,0.00,3,15,366
1118,1.00,0.00,0.00,0.00,55,-142,461
1119,1.00,0.00,0.00,0.00,79,-17,392
1120,1.00,0.00,0.00,0.00,-21,-32,357
1121,1.00,0.00,0.00,0.00,-41,-90,358
1122,1.00,0.00,0.00,0.00,47,74,311
1123,1.00,0.00,0.00,0.00,61,-62,498
1124,1.00,0.00,0.00,0.00,63,27,404
1125,1.00,0.00,0.00,0.00,-91,-57,456
1126,1.00,0.00,0.00,0.00,-142,-100,513
1127,1.00,0.00,0.00,0.00,-23,67,382
1128,1.00,0.00,0.00,0.00,68,-135,505
1129,1.00,0.00,0.00,0.00,72,-2,444
1130,1.00,0.00,0.00,0.00,36,-68,302
1131,1.00,0.00,0.00,0.00,125,-213,215
1132,1.00,0.00,0.00,0.00,158,-1,40
1133,1.00,0.00,0.00,0.00,280,-229,165
1134,1.00,0.00,0.00,0.00,355,-202,124
1135,1.00,0.00,0.00,0.00,297,-201,52
1136,1.00,0.00,0.00,0.00,341,-337,-38
1137,1.00,0.00,0.00,0.00,319,-166,-169
1138,1.00,0.00,0.00,0.00,330,-271,-21
1139,1.00,0.00,0.00,0.00,420,-189,-161
1140,1.00,0.00,0.00,0.00,366,-233,-175
1141,1.00,-0.00,0.00,0.00,286,-344,-184
1142,1.00,-0.00,0.00,0.00,287,-106,-331
1143,1.00,0.00,0.00,0.00,299,-191,-186
1144,1.00,-0.00,0.00,0.00,270,-123,-177
1145,1.00,-0.00,0.00,0.00,262,-73,-353
1146,1.00,-0.00,0.00,0.00,158,-198,-316
1147,1.00,-0.00,0.00,0.00,95,-2,-392
1148,1.00,-0.00,0.00,0.00,26,-40,-281
1149,1.00,-0.00,0.00,0.00,115,5,-285
1150,1.00,0.00,0.00,0.00,61,114,-449
1151,1.00,0.00,0.00,0.00,-191,67,-321
1152,1.00,0.00,0.00,0.00,-206,282,-392
1153,1.00,0.00,0.00,0.00,-197,213,-259
1154,1.00,0.00,0.00,0.00,-126,167,-227
1155,1.00,0.00,0.00,0.00,-211,260,-227
1156,1.00,0.00,0.00,0.00,-315,186,-110
1157,1.00,0.00,0.00,0.00,-336,315,-91
1158,1.00,0.00,0.00,0.00,-241,206,15
1159,1.00,0.00,0.00,0.00,-149,120,165
1160,1.00,0.00,0.00,0.00,-151,187,108
1161,1.00,0.00,0.00,0.00,-216,71,235
1162,1.00,0.00,0.00,0.00,-208,122,300
1163,1.00,0.00,0.00,0.00,-66,64,317
1164,1.00,0.00,0.00,0.00,26,-57,422
1165,1.00,0.00,0.00,0.00,63,23,356
1166,1.00,0.00,0.00,0.00,-11,-122,402
1167,1.00,0.00,0.00,0.00,43,-96,262
1168,1.00,0.00,0.00,0.00,150,-205,256
1169,1.00,0.00,0.00,0.00,270,-212,172
1170,1.00,0.00,0.00,0.00,270,-126,85
1171,1.00,0.00,0.00,0.00,163,-222,152
1172,1.00,0.00,0.00,0.00,137,-205,102
1173,1.00,0.00,0.00,0.00,294,-151,49
1174,1.00,0.00,0.00,0.00,265,-238,106
1175,1.00,0.00,0.00,0.00,262,-28,-47
1176,1.00,0.00,0.00,0.00,160,-180,14
1177,1.00,-0.00,0.00,0.00,108,-154,-133
1178,1.00,0.00,0.00,0.00,136,-36,-246
1179,1.00,-0.00,0.00,0.00,206,-157,-164
1180,1.00,0.00,0.00,0.00,89,104,-336
1181,1.00,0.00,0.00,0.00,-55,-27,-321
1182,1.00,0.00,0.00,0.00,-4,0,-354
1183,1.00,0.00,0.00,0.00,-13,113,-396
1184,1.00,0.00,0.00,0.00,-12,-25,-277
1185,1.00,0.00,0.00,0.00,-23,207,-430
1186,1.00,0.00,0.00,0.00,-167,162,-395
1187,1.00,0.00,0.00,0.00,-255,162,-280
1188,1.00,0.00,0.00,0.00,-207,288,-352
1189,1.00,0.00,0.00,0.00,-97,81,-221
1190,1.00,0.00,0.00,0.00,-19,185,-226
1191,1.00,0.00,0.00,0.00,-164,155,-89
1192,1.00,0.00,0.00,0.00,-193,136,-8
1193,1.00,0.00,0.00,0.00,-135,185,-45
1194,1.00,0.00,0.00,0.00,-62,19,180
1195,1.00,0.00,0.00,0.00,-35,81,199
1196,1.00,0.00,0.00,0.00,-111,40,296
1197,1.00,0.00,0.00,0.00,-133,-26,404
1198,1.00,0.00,0.00,0.00,-46,4,247
1199,1.00,0.00,0.00,0.00,1,-162,464
1200,1.00,0.00,0.00,0.00,70,-130,465
1201,1.00,0.00,0.00,0.00,64,-87,402
1202,1.00,0.00,0.00,0.00,43,-206,432
1203,1.00,0.00,0.00,0.00,17,-48,246
1204,1.00,0.00,0.00,0.00,82,-140,271
1205,1.00,0.00,0.00,0.00,169,-96,213
1206,1.00,0.00,0.00,0.00,164,-76,78
1207,1.00,0.00,0.00,0.00,148,-164,85
1208,1.00,0.00,0.00,0.00,151,-22,-49
1209,1.00,0.00,0.00,0.00,193,-65,-8
1210,1.00,0.00,0.00,0.00,224,-65,-60
1211,1.00,0.00,0.00,0.00,219,0,-263
1212,1.00,0.00,0.00,0.00,170,-122,-236
1213,1.00,0.00,0.00,0.00,148,67,-453
1214,1.00,0.00,0.00,0.00,153,-29,-327
1215,1.00,-0.00,-0.00,0.00,183,-13,-378
1216,1.00,0.00,-0.00,0.00,109,128,-487
1217,1.00,0.00,0.00,0.00,-86,-19,-339
1218,1.00,0.00,0.00,0.00,-89,145,-503
1219,1.00,0.00,0.00,0.00,-88,59,-333
1220,1.00,0.00,0.00,0.00,-109,138,-251
1221,1.00,0.00,0.00,0.00,-205,193,-309
1222,1.00,0.00,0.00,0.00,-303,124,-188
1223,1.00,0.00,0.00,0.00,-280,244,-249
1224,1.00,0.00,0.00,0.00,-256,124,-76
1225,1.00,0.00,0.00,0.00,-166,117,22
1226,1.00,0.00,0.00,0.00,-159,187,7
1227,1.00,0.00,0.00,0.00,-188,0,137
1228,1.00,0.00,0.00,0.00,-197,122,100
1229,1.00,0.00,0.00,0.00,-100,35,173
1230,1.00,0.00,0.00,0.00,18,-40,360
1231,1.00,0.00,0.00,0.00,21,108,282
1232,1.00,0.00,0.00,0.00,1,-99,332
1233,1.00,0.00,0.00,0.00,68,-33,232
1234,1.00,0.00,0.00,0.00,143,-110,263
1235,1.00,0.00,0.00,0.00,174,-192,322
1236,1.00,0.00,0.00,0.00,164,16,206
1237,1.00,0.00,0.00,0.00,94,-198,284
1238,1.00,0.00,0.00,0.00,93,-143,173
1239,1.00,0.00,0.00,0.00,122,-71,155
1240,1.00,0.00,0.00,0.00,214,-266,255
1241,1.00,0.00,0.00,0.00,223,-90,52
1242,1.00,0.00,0.00,0.00,91,-195,56
1243,1.00,0.00,0.00,0.00,31,-117,5
1244,1.00,0.00,0.00,0.00,22,45,-100
1245,1.00,0.00,0.00,0.00,114,-191,3
1246,1.00,0.00,0.00,0.00,84,91,-256
1247,1.00,0.00,0.00,0.00,-37,-33,-178
1248,1.00,0.00,0.00,0.00,-3,15,-321
1249,1.00,0.00,0.00,0.00,-80,147,-422
1250,1.00,0.00,0.00,0.00,-3,-69,-277
1251,1.00,0.00,0.00,0.00,21,213,-407
1252,1.00,0.00,0.00,0.00,-101,105,-324
1253,1.00,0.00,0.00,0.00,-99,57,-375
1254,1.00,0.00,0.00,0.00,-94,168,-477
1255,1.00,0.00,0.00,0.00,-72,7,-214
1256,1.00,0.00,0.00,0.00,23,169,-244
1257,1.00,0.00,0.00,0.00,-152,125,-145
1258,1.00,0.00,0.00,0.00,-257,76,-28
1259,1.00,0.00,0.00,0.00,-191,157,-84
1260,1.00,0.00,0.00,0.00,-177,31,175
1261,1.00,0.00,0.00,0.00,-77,141,186
1262,1.00,0.00,0.00,0.00,-153,48,285
1263,1.00,0.00,0.00,0.00,-225,-5,388
1264,1.00,0.00,0.00,0.00,-162,75,311
1265,1.00,0.00,0.00,0.00,-86,-79,468
1266,1.00,0.00,0.00,0.00,11,37,429
1267,1.00,0.00,0.00,0.00,-21,-12,410
1268,1.00,0.00,0.00,0.00,-40,-122,420
1269,1.00,0.00,0.00,0.00,9,10,223
1270,1.00,0.00,0.00,0.00,147,-193,300
1271,1.00,0.00,0.00,0.00,266,-108,180
1272,1.00,0.00,0.00,0.00,247,-87,94
1273,1.00,0.00,0.00,0.00,214,-210,56
1274,1.00,0.00,0.00,0.00,211,-41,-221
1275,1.00,0.00,0.00,0.00,264,-179,-74
1276,1.00,-0.00,0.00,0.00,362,-128,-170
1277,1.00,0.00,-0.00,0.00,294,-44,-272
1278,1.00,0.00,0.00,0.00,218,-169,-226
1279,1.00,0.00,0.00,0.00,137,20,-418
1280,1.00,0.00,0.00,0.00,76,-32,-263
1281,1.00,0.00,-0.00,0.00,192,30,-282
1282,1.00,0.00,-0.00,0.00,98,128,-360
1283,1.00,0.00,-0.00,0.00,-43,-77,-256
1284,1.00,0.00,0.00,0.00,-28,110,-460
1285,1.00,0.00,0.00,0.00,-91,-11,-264
1286,1.00,0.00,0.00,0.00,-108,46,-156
1287,1.00,0.00,0.00,0.00,-173,167,-216
1288,1.00,0.00,0.00,0.00,-239,16,-151
1289,1.00,0.00,0.00,0.00,-242,175,-326
1290,1.00,0.00,0.00,0.00,-262,101,-166
1291,1.00,0.00,0.00,0.00,-155,99,-2
1292,1.00,0.00,0.00,0.00,-106,186,-71
1293,1.00,0.00,0.00,0.00,-155,13,120
1294,1.00,0.00,0.00,0.00,-170,148,29
1295,1.00,0.00,0.00,0.00,-177,75,166
1296,1.00,0.00,0.00,0.00,-56,27,285
1297,1.00,0.00,0.00,0.00,2,148,171
1298,1.00,0.00,0.00,0.00,-123,-42,331
1299,1.00,0.00,0.00,0.00,-140,103,312
1300,1.00,0.00,0.00,0.00,5,27,300
1301,1.00,0.00,0.00,0.00,122,-157,480
1302,1.00,0.00,0.00,0.00,123,10,352
1303,1.00,0.00,0.00,0.00,25,-130,437
1304,1.00,0.00,0.00,0.00,49,-87,354
1305,1.00,0.00,0.00,0.00,87,-57,260
1306,1.00,0.00,0.00,0.00,215,-245,335
1307,1.00,0.00,0.00,0.00,306,-29,82
1308,1.00,0.00,0.00,0.00,172,-185,186
1309,1.00,0.00,0.00,0.00,181,-124,48
1310,1.00,0.00,0.00,0.00,170,-53,-61
1311,1.00,0.00,0.00,0.00,223,-231,22
1312,1.00,0.00,-0.00,0.00,240,11,-244
1313,1.00,0.00,-0.00,0.00,140,-103,-225
1314,1.00,-0.00,-0.00,0.00,118,-156,-243
1315,1.00,0.00,-0.00,0.00,87,-27,-368
1316,1.00,0.00,-0.00,0.00,124,-168,-207
1317,1.00,0.00,-0.00,0.00,162,111,-376
1318,1.00,0.00,-0.00,0.00,-16,31,-303
1319,1.00,0.00,-0.00,0.00,-68,-4,-300
1320,1.00,0.00,-0.00,0.00,-95,157,-430
1321,1.00,0.00,0.00,0.00,-82,0,-211
1322,1.00,0.00,0.00,0.00,-42,176,-239
1323,1.00,0.00,0.00,0.00,-159,131,-158
1324,1.00,0.00,0.00,0.00,-200,71,-97
1325,1.00,0.00,0.00,0.00,-201,236,-180
1326,1.00,0.00,0.00,0.00,-180,27,100
1327,1.00,0.00,0.00,0.00,-78,159,52
1328,1.00,0.00,0.00,0.00,-170,137,158
1329,1.00,0.00,0.00,0.00,-196,18,296
1330,1.00,0.00,0.00,0.00,-154,148,156
1331,1.00,0.00,0.00,0.00,-131,-85,324
1332,1.00,0.00,0.00,0.00,-2,22,298
1333,1.00,0.00,0.00,0.00,-53,49,338
1334,1.00,0.00,0.00,0.00,-123,-112,426
1335,1.00,0.00,0.00,0.00,-52,41,235
1336,1.00,0.00,0.00,0.00,69,-167,364
1337,1.00,0.00,0.00,0.00,176,-75,248
1338,1.00,0.00,0.00,0.00,138,-62,158
1339,1.00,0.00,0.00,0.00,150,-219,188
1340,1.00,0.00,0.00,0.00,172,-36,-73
1341,1.00,0.00,0.00,0.00,190,-202,86
1342,1.00,0.00,0.00,0.00,242,-114,45
1343,1.00,0.00,-0.00,0.00,252,-35,-115
1344,1.00,0.00,-0.00,0.00,200,-240,-67
1345,1.00,0.00,-0.00,0.00,188,-41,-294
1346,1.00,0.00,-0.00,0.00,135,-128,-190
1347,1.00,-0.00,-0.00,0.00,228,-62,-216
1348,1.00,0.00,-0.00,0.00,139,68,-425
1349,1.00,0.00,-0.00,0.00,30,-155,-332
1350,1.00,-0.00,-0.00,0.00,56,53,-569
1351,1.00,0.00,-0.00,0.00,-20,13,-426
1352,1.00,-0.00,-0.00,0.00,14,-18,-274
1353,1.00,0.00,-0.00,0.00,-50,179,-410
1354,1.00,0.00,-0.00,0.00,-177,-33,-200
1355,1.00,0.00,-0.00,0.00,-152,130,-332
1356,1.00,0.00,-0.00,0.00,-186,92,-129
1357,1.00,0.00,0.00,0.00,-158,39,53
1358,1.00,0.00,0.00,0.00,-113,237,-42
1359,1.00,0.00,0.00,0.00,-298,73,229
1360,1.00,0.00,0.00,0.00,-259,206,98
1361,1.00,0.00,0.00,0.00,-211,149,167
1362,1.00,0.00,0.00,0.00,-87,22,344
1363,1.00,0.00,0.00,0.00,-82,213,287
1364,1.00,0.00,0.00,0.00,-172,25,443
1365,1.00,0.00,0.00,0.00,-135,113,353
1366,1.00,0.00,0.00,0.00,-38,51,327
1367,1.00,0.00,0.00,0.00,72,-160,445
1368,1.00,0.00,0.00,0.00,151,28,207
1369,1.00,0.00,0.00,0.00,99,-176,311
1370,1.00,0.00,0.00,0.00,3,-89,257
1371,1.00,0.00,0.00,0.00,98,-64,137
1372,1.00,0.00,0.00,0.00,225,-251,204
1373,1.00,0.00,-0.00,0.00,322,-25,-119
1374,1.00,0.00,-0.00,0.00,187,-173,-62
1375,1.00,-0.00,-0.00,0.00,185,-177,-99
1376,1.00,0.00,-0.00,0.00,104,0,-288
1377,1.00,0.00,-0.00,0.00,146,-208,-151
1378,1.00,0.00,-0.00,0.00,196,71,-398
1379,1.00,0.00,-0.00,0.00,74,-27,-324
1380,1.00,-0.00,-0.00,0.00,60,-132,-335
1381,1.00,0.00,-0.00,0.00,34,76,-537
1382,1.00,0.00,-0.00,0.00,0,-79,-309
1383,1.00,0.00,-0.00,0.00,70,134,-348
1384,1.00,0.00,-0.00,0.00,-88,99,-275
1385,1.00,0.00,-0.00,0.00,-173,27,-157
1386,1.00,0.00,0.00,0.00,-169,216,-306
1387,1.00,0.00,0.00,0.00,-178,13,-27
1388,1.00,0.00,0.00,0.00,-91,194,-42
1389,1.00,0.00,0.00,0.00,-197,195,-26
1390,1.00,0.00,0.00,0.00,-254,14,138
1391,1.00,0.00,0.00,0.00,-206,210,5
1392,1.00,0.00,0.00,0.00,-171,-1,261
1393,1.00,0.00,0.00,0.00,-107,84,304
1394,1.00,0.00,0.00,0.00,-141,149,267
1395,1.00,0.00,0.00,0.00,-135,-88,377
1396,1.00,0.00,0.00,0.00,-111,57,255
1397,1.00,0.00,0.00,0.00,-40,-148,398
1398,1.00,0.00,0.00,0.00,80,-23,321
1399,1.00,0.00,0.00,0.00,45,27,292
1400,1.00,0.00,0.00,0.00,26,-206,357
1401,1.00,0.00,0.00,0.00,77,-38,121
1402,1.00,0.00,0.00,0.00,178,-190,208
1403,1.00,-0.00,0.00,0.00,253,-217,187
1404,1.00,0.00,-0.00,0.00,209,-84,9
1405,1.00,-0.00,-0.00,0.00,201,-251,82
1406,1.00,-0.00,-0.00,0.00,202,-74,-144
1407,1.00,0.00,-0.00,0.00,139,-139,-76
1408,1.00,-0.00,-0.00,0.00,283,-130,-72
1409,1.00,-0.00,-0.00,0.00,245,47,-286
1410,1.00,-0.00,-0.00,0.00,161,-216,-219
1411,1.00,-0.00,-0.00,0.00,154,-27,-501
1412,1.00,-0.00,-0.00,0.00,80,-50,-434
1413,1.00,-0.00,-0.00,0.00,95,-6,-310
1414,1.00,-0.00,-0.00,0.00,24,209,-435
1415,1.00,-0.00,-0.00,0.00,-60,-74,-372
1416,1.00,-0.00,-0.00,0.00,-55,94,-528
1417,1.00,0.00,-0.00,0.00,-163,146,-410
1418,1.00,0.00,-0.00,0.00,-121,61,-126
1419,1.00,0.00,-0.00,0.00,-137,216,-207
1420,1.00,0.00,-0.00,0.00,-299,100,5
1421,1.00,0.00,0.00,0.00,-308,216,23
1422,1.00,0.00,0.00,0.00,-359,258,84
1423,1.00,0.00,0.00,0.00,-242,49,298
1424,1.00,0.00,0.00,0.00,-172,255,173
1425,1.00,0.00,0.00,0.00,-278,96,318
1426,1.00,0.00,0.00,0.00,-266,115,361
1427,1.00,0.00,0.00,0.00,-172,130,316
1428,1.00,0.00,0.00,0.00,-73,-28,551
1429,1.00,0.00,0.00,0.00,-6,225,330
1430,1.00,0.00,0.00,0.00,-70,11,337
1431,1.00,0.00,0.00,0.00,-75,-3,373
1432,1.00,0.00,0.00,0.00,65,59,194
1433,1.00,0.00,0.00,0.00,132,-191,376
1434,1.00,0.00,0.00,0.00,247,1,162
1435,1.00,0.00,0.00,0.00,148,-91,164
1436,1.00,0.00,0.00,0.00,115,-145,186
1437,1.00,0.00,0.00,0.00,171,2,-30
1438,1.00,0.00,0.00,0.00,230,-241,58
1439,1.00,0.00,-0.00,0.00,263,-52,-159
1440,1.00,0.00,-0.00,0.00,215,-146,-211
1441,1.00,-0.00,-0.00,0.00,119,-279,-98
1442,1.00,-0.00,-0.00,0.00,151,-10,-325
1443,1.00,0.00,-0.00,0.00,155,-181,-193
1444,1.00,-0.00,-0.00,0.00,147,-9,-266
1445,1.00,0.00,-0.00,0.00,57,41,-341
1446,1.00,-0.00,-0.00,0.00,0,-150,-143
1447,1.00,-0.00,-0.00,0.00,5,80,-363
1448,1.00,0.00,-0.00,0.00,-40,-59,-234
1449,1.00,-0.00,-0.00,0.00,34,42,-213
1450,1.00,0.00,-0.00,0.00,-106,165,-257
1451,1.00,0.00,-0.00,0.00,-168,-26,-122
1452,1.00,0.00,0.00,0.00,-116,191,-310
1453,1.00,0.00,0.00,0.00,-114,44,-106
1454,1.00,0.00,0.00,0.00,-69,98,-28
1455,1.00,0.00,0.00,0.00,-140,232,-51
1456,1.00,0.00,0.00,0.00,-167,-19,122
1457,1.00,0.00,0.00,0.00,-118,127,33
1458,1.00,0.00,0.00,0.00,-118,32,140
1459,1.00,0.00,0.00,0.00,-95,-30,281
1460,1.00,0.00,0.00,0.00,-101,244,156
1461,1.00,0.00,0.00,0.00,-221,-15,346
1462,1.00,0.00,0.00,0.00,-138,75,300
1463,1.00,0.00,0.00,0.00,-57,-3,386
1464,1.00,0.00,0.00,0.00,25,-58,472
1465,1.00,0.00,0.00,0.00,-8,40,367
1466,1.00,0.00,0.00,0.00,13,-183,372
1467,1.00,0.00,0.00,0.00,30,-40,218
1468,1.00,0.00,0.00,0.00,88,-64,184
1469,1.00,0.00,0.00,0.00,114,-128,304
1470,1.00,0.00,-0.00,0.00,158,14,26
1471,1.00,0.00,-0.00,0.00,179,-203,-1
1472,1.00,-0.00,-0.00,0.00,200,-99,-141
1473,1.00,0.00,-0.00,0.00,267,-6,-266
1474,1.00,-0.00,-0.00,0.00,296,-286,52
1475,1.00,-0.00,-0.00,0.00,289,46,-200
1476,1.00,0.00,-0.00,0.00,254,-136,-307
1477,1.00,-0.00,-0.00,0.00,244,-214,-347
1478,1.00,-0.00,-0.00,0.00,107,57,-444
1479,1.00,-0.00,-0.00,0.00,203,-151,-259
1480,1.00,-0.00,-0.00,0.00,120,53,-364
1481,1.00,-0.00,-0.00,0.00,24,-27,-338
1482,1.00,-0.00,-0.00,0.00,14,-127,-359
1483,1.00,-0.00,-0.00,0.00,-105,103,-328
1484,1.00,-0.00,-0.00,0.00,-141,-45,-141
1485,1.00,-0.00,-0.00,0.00,-97,84,-233
1486,1.00,-0.00,-0.00,0.00,-195,67,-226
1487,1.00,-0.00,-0.00,0.00,-277,30,-151
1488,1.00,0.00,-0.00,0.00,-256,198,-145
1489,1.00,-0.00,-0.00,0.00,-180,43,93
1490,1.00,0.00,0.00,0.00,-148,207,16
1491,1.00,0.00,0.00,0.00,-240,152,90
1492,1.00,0.00,0.00,0.00,-251,90,247
1493,1.00,0.00,0.00,0.00,-156,206,170
1494,1.00,0.00,0.00,0.00,-63,-81,328
1495,1.00,-0.00,0.00,0.00,-29,139,215
1496,1.00,0.00,0.00,0.00,-27,107,229
1497,1.00,0.00,0.00,0.00,-55,-106,426
1498,1.00,0.00,0.00,0.00,75,91,142
1499,1.00,0.00,0.00,0.00,138,-203,334
1500,1.00,-0.00,0.00,0.00,186,-71,254
1501,1.00,0.00,-0.00,0.00,102,5,162
1502,1.00,-0.00,0.00,0.00,78,-212,305
1503,1.00,-0.00,-0.00,0.00,138,-8,22
1504,1.00,-0.00,-0.00,0.00,142,-150,96
1505,1.00,-0.00,-0.00,0.00,256,-166,118
1506,1.00,-0.00,-0.00,0.00,172,-60,16
1507,1.00,-0.00,-0.00,0.00,168,-297,122
1508,1.00,-0.00,-0.00,0.00,199,-89,-98
1509,1.00,-0.00,-0.00,0.00,136,-167,-74
1510,1.00,-0.00,-0.00,0.00,177,-141,-153
1511,1.00,-0.00,-0.00,0.00,137,21,-350
1512,1.00,-0.00,-0.00,0.00,16,-216,-206
1513,1.00,-0.00,-0.00,0.00,43,44,-434
1514,1.00,-0.00,-0.00,0.00,6,35,-373
1515,1.00,-0.00,-0.00,0.00,29,0,-308
1516,1.00,-0.00,-0.00,0.00,-45,252,-461
1517,1.00,-0.00,-0.00,0.00,-105,2,-312
1518,1.00,-0.00,-0.00,0.00,-77,165,-419
1519,1.00,-0.00,-0.00,0.00,-53,143,-385
1520,1.00,-0.00,-0.00,0.00,-59,73,-172
1521,1.00,-0.00,-0.00,0.00,-121,286,-291
1522,1.00,0.00,-0.00,0.00,-203,53,-7
1523,1.00,-0.00,0.00,0.00,-180,173,-103
1524,1.00,0.00,0.00,0.00,-184,168,24
1525,1.00,-0.00,0.00,0.00,-179,35,263
1526,1.00,0.00,0.00,0.00,-195,306,226
1527,1.00,0.00,0.00,0.00,-234,70,384
1528,1.00,0.00,0.00,0.00,-229,57,351
1529,1.00,0.00,0.00,0.00,-128,83,283
1530,1.00,0.00,0.00,0.00,-41,-62,501
1531,1.00,0.00,0.00,0.00,-42,96,357
1532,1.00,0.00,0.00,0.00,-84,-96,408
1533,1.00,-0.00,0.00,0.00,43,-100,283
1534,1.00,0.00,0.00,0.00,129,-48,167
1535,1.00,-0.00,-0.00,0.00,158,-178,301
1536,1.00,-0.00,-0.00,0.00,224,3,49
1537,1.00,-0.00,-0.00,0.00,199,-127,-24
1538,1.00,-0.00,-0.00,0.00,191,-136,-115
1539,1.00,-0.00,-0.00,0.00,215,-32,-190
1540,1.00,-0.00,-0.00,0.00,258,-203,-29
1541,1.00,-0.00,-0.00,0.00,283,35,-266
1542,1.00,-0.00,-0.00,0.00,134,-72,-259
1543,1.00,-0.00,-0.00,0.00,71,-98,-359
1544,1.00,-0.00,-0.00,0.00,0,116,-412
1545,1.00,-0.00,-0.00,0.00,60,-48,-141
1546,1.00,-0.00,-0.00,0.00,18,119,-312
1547,1.00,-0.00,-0.00,0.00,-116,78,-273
1548,1.00,-0.00,-0.00,0.00,-189,20,-217
1549,1.00,-0.00,-0.00,0.00,-271,216,-266
1550,1.00,-0.00,-0.00,0.00,-154,28,-70
1551,1.00,-0.00,-0.00,0.00,-124,203,-181
1552,1.00,0.00,-0.00,0.00,-186,166,-135
1553,1.00,-0.00,0.00,0.00,-256,57,54
1554,1.00,0.00,0.00,0.00,-181,206,-40
1555,1.00,0.00,0.00,0.00,-73,-13,209
1556,1.00,-0.00,0.00,0.00,5,144,130
1557,1.00,0.00,0.00,0.00,-35,122,149
1558,1.00,0.00,0.00,0.00,-55,-61,303
1559,1.00,0.00,0.00,0.00,46,32,172
1560,1.00,-0.00,0.00,0.00,111,-140,286
1561,1.00,-0.00,-0.00,0.00,200,-30,215
1562,1.00,0.00,-0.00,0.00,164,-29,173
1563,1.00,-0.00,-0.00,0.00,87,-210,248
1564,1.00,-0.00,-0.00,0.00,128,-58,49
1565,1.00,-0.00,-0.00,0.00,192,-236,151
1566,1.00,-0.00,-0.00,0.00,243,-146,91
1567,1.00,-0.00,-0.00,0.00,168,-72,35
1568,1.00,-0.00,-0.00,0.00,-2,-227,136
1569,1.00,-0.00,-0.00,0.00,46,0,-133
1570,1.00,-0.00,-0.00,0.00,61,-115,-106
1571,1.00,-0.00,-0.00,0.00,64,-19,-137
1572,1.00,-0.00,-0.00,0.00,-26,102,-273
1573,1.00,-0.00,-0.00,0.00,-130,14,-199
1574,1.00,-0.00,-0.00,0.00,-157,192,-344
1575,1.00,-0.00,-0.00,0.00,-179,97,-210
1576,1.00,-0.00,-0.00,0.00,-79,155,-171
1577,1.00,0.00,-0.00,-0.00,-172,298,-228
1578,1.00,0.00,0.00,-0.00,-258,131,-40
1579,1.00,0.00,0.00,0.00,-253,282,-161
1580,1.00,0.00,0.00,0.00,-184,182,43
1581,1.00,0.00,0.00,0.00,-72,146,176
1582,1.00,0.00,0.00,-0.00,-190,266,184
1583,1.00,0.00,0.00,-0.00,-195,9,373
1584,1.00,0.00,0.00,0.00,-100,71,229
1585,1.00,0.00,0.00,0.00,-27,-68,369
1586,1.00,0.00,0.00,0.00,24,-89,412
1587,1.00,0.00,0.00,-0.00,-5,68,302
1588,1.00,0.00,0.00,-0.00,58,-204,354
1589,1.00,-0.00,0.00,0.00,148,-139,188
1590,1.00,-0.00,-0.00,0.00,186,-189,206
1591,1.00,-0.00,-0.00,-0.00,261,-225,275
1592,1.00,-0.00,-0.00,0.00,233,-77,137
1593,1.00,-0.00,-0.00,-0.00,223,-315,97
1594,1.00,-0.00,-0.00,0.00,218,-172,-178
1595,1.00,-0.00,-0.00,0.00,190,-156,-196
1596,1.00,-0.00,-0.00,-0.00,185,-159,-109
1597,1.00,-0.00,-0.00,-0.00,174,-2,-328
1598,1.00,-0.00,-0.00,-0.00,89,-190,-315
1599,1.00,-0.00,-0.00,-0.00,-22,-39,-395
1600,1.00,-0.00,-0.00,-0.00,-59,15,-347
1601,1.00,-0.00,-0.00,-0.00,-48,15,-226
1602,1.00,-0.00,-0.00,-0.00,-131,230,-374
1603,1.00,-0.00,-0.00,-0.00,-250,67,-239
1604,1.00,-0.00,-0.00,-0.00,-252,204,-201
1605,1.00,0.00,0.00,-0.00,-180,189,-136
1606,1.00,-0.00,0.00,-0.00,-131,104,72
1607,1.00,0.00,-0.00,-0.00,-82,283,-27
1608,1.00,0.00,0.00,-0.00,-127,55,193
1609,1.00,-0.00,0.00,-0.00,-106,95,189
1610,1.00,0.00,0.00,0.00,-28,51,243
1611,1.00,-0.00,0.00,-0.00,18,-27,391
1612,1.00,-0.00,-0.00,-0.00,108,119,250
1613,1.00,-0.00,0.00,-0.00,21,-72,355
1614,1.00,-0.00,0.00,-0.00,27,-81,317
1615,1.00,-0.00,-0.00,0.00,94,-75,301
1616,1.00,-0.00,-0.00,0.00,185,-179,408
1617,1.00,-0.00,-0.00,0.00,225,-25,169
1618,1.00,-0.00,-0.00,-0.00,78,-186,152
1619,1.00,-0.00,-0.00,-0.00,23,-87,-45
1620,1.00,-0.00,-0.00,0.00,12,1,-96
1621,1.00,-0.00,-0.00,0.00,84,-142,38
1622,1.00,-0.00,-0.00,-0.00,101,36,-199
1623,1.00,-0.00,-0.00,-0.00,-41,2,-210
1624,1.00,-0.00,-0.00,-0.00,-147,45,-264
1625,1.00,-0.00,-0.00,0.00,-175,195,-237
1626,1.00,-0.00,0.00,0.00,-80,89,-52
1627,1.00,-0.00,0.00,0.00,-66,252,-221
1628,1.00,0.00,0.00,-0.00,-251,230,-129
1629,1.00,0.00,0.00,-0.00,-261,171,-125
1630,1.00,0.00,0.00,0.00,-258,273,-141
1631,1.00,0.00,0.00,0.00,-165,125,129
1632,1.00,0.00,0.00,-0.00,-106,256,95
1633,1.00,0.00,0.00,-0.00,-170,144,175
1634,1.00,0.00,0.00,-0.00,-107,-45,160
1635,1.00,0.00,0.00,-0.00,-77,80,118
1636,1.00,0.00,0.00,-0.00,3,-97,373
1637,1.00,0.00,0.00,-0.00,62,24,326
1638,1.00,0.00,0.00,-0.00,60,-19,316
1639,1.00,-0.00,0.00,-0.00,91,-252,253
1640,1.00,-0.00,0.00,-0.00,130,-124,96
1641,1.00,-0.00,0.00,-0.00,220,-239,175
1642,1.00,-0.00,-0.00,-0.00,280,-112,53
1643,1.00,-0.00,-0.00,-0.00,254,-137,-67
1644,1.00,-0.00,-0.00,-0.00,202,-227,-112
1645,1.00,-0.00,-0.00,-0.00,189,-92,-254
1646,1.00,-0.00,-0.00,-0.00,209,-186,-149
1647,1.00,-0.00,-0.00,-0.00,206,-34,-263
1648,1.00,-0.00,-0.00,-0.00,165,-49,-382
1649,1.00,-0.00,-0.00,-0.00,-54,-85,-233
1650,1.00,-0.00,-0.00,-0.00,-68,111,-336
1651,1.00,-0.00,-0.00,-0.00,-41,18,-186
1652,1.00,-0.00,-0.00,-0.00,-52,132,-222
1653,1.00,-0.00,-0.00,-0.00,-134,184,-198
1654,1.00,-0.00,-0.00,-0.00,-260,77,94
1655,1.00,-0.00,0.00,-0.00,-170,171,54
1656,1.00,-0.00,0.00,-0.00,-69,50,204
1657,1.00,-0.00,0.00,-0.00,-27,123,190
1658,1.00,0.00,0.00,-0.00,-64,192,195
1659,1.00,0.00,0.00,-0.00,-167,46,338
1660,1.00,0.00,0.00,-0.00,-101,112,233
1661,1.00,0.00,0.00,-0.00,-20,-11,400
1662,1.00,-0.00,0.00,-0.00,122,18,455
1663,1.00,0.00,0.00,-0.00,77,69,402
1664,1.00,-0.00,0.00,-0.00,-1,-151,451
1665,1.00,-0.00,0.00,-0.00,60,-58,277
1666,1.00,-0.00,-0.00,-0.00,123,-150,249
1667,1.00,-0.00,-0.00,-0.00,195,-138,173
1668,1.00,-0.00,-0.00,-0.00,114,-32,2
1669,1.00,-0.00,-0.00,-0.00,-30,-107,5
1670,1.00,-0.00,-0.00,-0.00,-29,16,-139
1671,1.00,-0.00,-0.00,-0.00,12,-53,-80
1672,1.00,-0.00,-0.00,-0.00,136,-42,-105
1673,1.00,-0.00,-0.00,-0.00,23,104,-218
1674,1.00,-0.00,-0.00,-0.00,-142,6,-178
1675,1.00,-0.00,0.00,-0.00,-177,142,-376
1676,1.00,0.00,0.00,-0.00,-142,140,-245
1677,1.00,-0.00,0.00,-0.00,-49,119,-176
1678,1.00,0.00,0.00,-0.00,-121,260,-219
1679,1.00,0.00,0.00,-0.00,-211,87,-67
1680,1.00,0.00,0.00,-0.00,-225,169,-151
1681,1.00,0.00,0.00,-0.00,-178,155,2
1682,1.00,0.00,0.00,-0.00,-102,103,191
1683,1.00,0.00,0.00,-0.00,-112,214,177
1684,1.00,0.00,0.00,-0.00,-80,-56,232
1685,1.00,0.00,0.00,-0.00,-41,-36,119
1686,1.00,0.00,0.00,-0.00,31,-73,157
1687,1.00,-0.00,0.00,-0.00,101,-98,285
1688,1.00,0.00,0.00,-0.00,147,22,184
1689,1.00,-0.00,-0.00,-0.00,170,-273,111
1690,1.00,-0.00,-0.00,-0.00,182,-190,-81
1691,1.00,-0.00,-0.00,-0.00,222,-181,-133
1692,1.00,-0.00,-0.00,-0.00,298,-209,-64
1693,1.00,-0.00,-0.00,-0.00,271,-67,-287
1694,1.00,-0.00,-0.00,-0.00,270,-233,-287
1695,1.00,-0.00,-0.00,-0.00,195,-169,-434
1696,1.00,-0.00,-0.00,-0.00,133,-105,-404
1697,1.00,-0.00,-0.00,-0.00,154,-103,-250
1698,1.00,-0.00,-0.00,-0.00,77,65,-338
1699,1.00,-0.00,-0.00,-0.00,-105,-40,-247
1700,1.00,-0.00,-0.00,-0.00,-168,61,-245
1701,1.00,-0.00,-0.00,-0.00,-174,114,-195
1702,1.00,-0.00,-0.00,-0.00,-148,73,-8
1703,1.00,-0.00,-0.00,-0.00,-150,262,-53
1704,1.00,-0.00,-0.00,-0.00,-222,93,58
1705,1.00,-0.00,0.00,-0.00,-164,116,72
1706,1.00,-0.00,0.00,-0.00,-85,104,198
1707,1.00,-0.00,0.00,-0.00,-47,45,376
1708,1.00,-0.00,-0.00,-0.00,28,184,323
1709,1.00,0.00,0.00,-0.00,-35,-6,443
1710,1.00,-0.00,0.00,-0.00,-29,-59,344
1711,1.00,-0.00,0.00,-0.00,89,-59,363
1712,1.00,-0.00,-0.00,-0.00,145,-121,439
1713,1.00,-0.00,-0.00,-0.00,189,11,231
1714,1.00,-0.00,-0.00,-0.00,94,-149,179
1715,1.00,-0.00,-0.00,-0.00,77,-147,11
1716,1.00,-0.00,-0.00,-0.00,69,-87,-19
1717,1.00,-0.00,-0.00,-0.00,153,-197,59
1718,1.00,-0.00,-0.00,-0.00,168,-53,-154
1719,1.00,-0.00,-0.00,-0.00,8,-62,-168
1720,1.00,-0.00,-0.00,-0.00,-115,15,-293
1721,1.00,-0.00,-0.00,-0.00,-175,143,-225
1722,1.00,-0.00,-0.00,-0.00,-64,29,-99
1723,1.00,-0.00,-0.00,-0.00,-26,188,-233
1724,1.00,-0.00,-0.00,-0.00,-241,166,-161
1725,1.00,-0.00,0.00,-0.00,-265,146,-154
1726,1.00,0.00,0.00,-0.00,-219,218,-71
1727,1.00,-0.00,0.00,-0.00,-150,86,186
1728,1.00,0.00,0.00,-0.00,-118,217,157
1729,1.00,0.00,0.00,-0.00,-186,121,240
1730,1.00,0.00,0.00,-0.00,-190,15,257
1731,1.00,0.00,0.00,-0.00,-141,97,224
1732,1.00,0.00,0.00,-0.00,2,-82,324
1733,1.00,-0.00,0.00,-0.00,87,51,232
1734,1.00,0.00,0.00,-0.00,63,-28,243
1735,1.00,-0.00,0.00,-0.00,82,-152,134
1736,1.00,-0.00,0.00,-0.00,121,-35,3
1737,1.00,-0.00,0.00,-0.00,268,-194,27
1738,1.00,-0.00,-0.00,-0.00,286,-31,-118
1739,1.00,-0.00,-0.00,-0.00,240,-88,-238
1740,1.00,-0.00,-0.00,-0.00,189,-199,-305
1741,1.00,-0.00,-0.00,-0.00,141,-19,-459
1742,1.00,-0.00,-0.00,-0.00,166,-126,-325
1743,1.00,-0.00,-0.00,-0.00,148,2,-408
1744,1.00,-0.00,-0.00,-0.00,0,32,-456
1745,1.00,-0.00,-0.00,-0.00,-141,-6,-351
1746,1.00,-0.00,-0.00,-0.00,-195,175,-425
1747,1.00,-0.00,0.00,-0.00,-154,139,-201
1748,1.00,-0.00,0.00,-0.00,-113,232,-167
1749,1.00,0.00,0.00,-0.00,-185,215,-83
1750,1.00,0.00,0.00,-0.00,-182,37,97
1751,1.00,-0.00,0.00,-0.00,-55,92,31
1752,1.00,-0.00,0.00,-0.00,36,-44,221
1753,1.00,-0.00,0.00,-0.00,94,81,270
1754,1.00,0.00,0.00,-0.00,112,29,273
1755,1.00,-0.00,-0.00,-0.00,114,-231,306
1756,1.00,-0.00,-0.00,-0.00,149,-158,139
1757,1.00,-0.00,-0.00,-0.00,222,-241,199
1758,1.00,-0.00,-0.00,-0.00,316,-179,137
1759,1.00,-0.00,-0.00,-0.00,235,-145,38
1760,1.00,-0.00,-0.00,-0.00,119,-292,51
1761,1.00,-0.00,-0.00,-0.00,156,-127,-146
1762,1.00,-0.00,-0.00,-0.00,143,-167,-113
1763,1.00,-0.00,-0.00,-0.00,175,-71,-230
1764,1.00,-0.00,-0.00,-0.00,109,50,-362
1765,1.00,-0.00,-0.00,-0.00,-92,-16,-241
1766,1.00,-0.00,-0.00,-0.00,-77,134,-345
1767,1.00,-0.00,-0.00,-0.00,-72,75,-180
1768,1.00,-0.00,-0.00,-0.00,28,120,-150
1769,1.00,-0.00,-0.00,-0.00,-45,173,-138
1770,1.00,-0.00,-0.00,-0.00,-256,73,90
1771,1.00,-0.00,-0.00,-0.00,-190,167,121
1772,1.00,-0.00,-0.00,-0.00,-143,61,249
1773,1.00,-0.00,-0.00,-0.00,-40,82,247
1774,1.00,-0.00,-0.00,-0.00,-83,106,311
1775,1.00,-0.00,-0.00,-0.00,-160,-70,460
1776,1.00,-0.00,-0.00,-0.00,-42,-16,357
1777,1.00,-0.00,-0.00,-0.00,47,-132,380
1778,1.00,-0.00,-0.00,-0.00,167,-108,378
1779,1.00,-0.00,-0.00,-0.00,164,-27,262
1780,1.00,-0.00,-0.00,-0.00,72,-167,205
1781,1.00,-0.00,-0.00,-0.00,37,-50,-73
1782,1.00,-0.00,-0.00,-0.00,54,-52,-67
1783,1.00,-0.00,-0.00,-0.00,177,-64,-98
1784,1.00,-0.00,-0.00,-0.00,92,41,-245
1785,1.00,-0.00,-0.00,-0.00,-106,6,-153
1786,1.00,-0.00,-0.00,-0.00,-135,129,-260
1787,1.00,-0.00,-0.00,-0.00,-180,83,-118
1788,1.00,-0.00,-0.00,-0.00,-115,124,-120
1789,1.00,-0.00,-0.00,-0.00,-210,270,-181
1790,1.00,-0.00,0.00,-0.00,-427,226,8
1791,1.00,0.00,0.00,-0.00,-369,310,-33
1792,1.00,0.00,0.00,-0.00,-256,252,135
1793,1.00,0.00,0.00,-0.00,-111,198,270
1794,1.00,0.00,0.00,-0.00,-116,272,290
1795,1.00,0.00,0.00,-0.00,-160,56,337
1796,1.00,0.00,0.00,-0.00,-96,63,186
1797,1.00,0.00,0.00,-0.00,0,-5,273
1798,1.00,-0.00,0.00,-0.00,84,-29,347
1799,1.00,0.00,0.00,-0.00,120,51,198
1800,1.00,0.00,-0.00,-0.00,67,-143,157
1801,1.00,-0.00,-0.00,-0.00,53,-66,-67
1802,1.00,-0.00,-0.00,-0.00,121,-103,-150
1803,1.00,-0.00,-0.00,-0.00,173,-122,-143
1804,1.00,-0.00,-0.00,-0.00,89,24,-317
1805,1.00,-0.00,-0.00,-0.00,0,-99,-384
1806,1.00,-0.00,-0.00,-0.00,-73,24,-510
1807,1.00,0.00,0.00,-0.00,-69,89,-444
1808,1.00,-0.00,0.00,-0.00,-10,75,-285
1809,1.00,0.00,-0.00,-0.00,-60,199,-336
1810,1.00,0.00,0.00,-0.00,-115,75,-239
1811,1.00,0.00,0.00,-0.00,-179,103,-270
1812,1.00,0.00,0.00,-0.00,-119,90,-92
1813,1.00,0.00,0.00,-0.00,-67,81,155
1814,1.00,0.00,0.00,-0.00,-70,188,175
1815,1.00,0.00,0.00,-0.00,-90,-66,330
1816,1.00,0.00,0.00,-0.00,-82,-73,251
1817,1.00,0.00,0.00,-0.00,-9,-61,268
1818,1.00,-0.00,0.00,-0.00,103,-110,387
1819,1.00,-0.00,-0.00,-0.00,158,-1,233
1820,1.00,-0.00,-0.00,-0.00,197,-258,142
1821,1.00,-0.00,-0.00,-0.00,197,-214,-13
1822,1.00,-0.00,-0.00,-0.00,226,-137,-110
1823,1.00,-0.00,-0.00,-0.00,244,-126,-3
1824,1.00,-0.00,-0.00,-0.00,237,13,-193
1825,1.00,-0.00,-0.00,-0.00,113,-50,-263
1826,1.00,-0.00,-0.00,-0.00,9,-12,-303
1827,1.00,-0.00,-0.00,-0.00,-14,137,-324
1828,1.00,-0.00,-0.00,-0.00,2,213,-227
1829,1.00,0.00,-0.00,-0.00,-15,297,-215
1830,1.00,0.00,-0.00,-0.00,-100,311,-216
1831,1.00,0.00,-0.00,-0.00,-181,306,-94
1832,1.00,0.00,-0.00,-0.00,-143,337,16
1833,1.00,0.00,-0.00,-0.00,-84,351,111
1834,1.00,0.00,-0.00,-0.00,-48,380,135
1835,1.00,0.00,-0.00,-0.00,-44,290,111
1836,1.00,0.00,0.00,-0.00,-43,170,139
1837,1.00,0.00,0.00,-0.00,0,17,282
1838,1.00,0.00,-0.00,-0.00,122,-71,306
1839,1.00,0.00,-0.00,-0.00,148,-77,249
1840,1.00,0.00,-0.00,-0.00,66,-30,230
1841,1.00,0.00,-0.00,-0.00,53,-67,199
1842,1.00,0.00,-0.00,-0.00,39,-65,201
1843,1.00,0.00,-0.00,-0.00,122,-57,75
1844,1.00,0.00,-0.00,-0.00,138,-25,-43
1845,1.00,0.00,-0.00,-0.00,83,44,-159
1846,1.00,0.00,-0.00,-0.00,-20,174,-232
1847,1.00,0.00,-0.00,-0.00,-57,216,-215
1848,1.00,0.00,-0.00,-0.00,-5,233,-160
1849,1.00,0.00,-0.00,-0.00,-25,182,-142
1850,1.00,0.00,-0.00,-0.00,-208,298,-144
1851,1.00,0.00,-0.00,-0.00,-249,352,-155
1852,1.00,0.00,0.00,-0.00,-228,302,-47
1853,1.00,0.00,0.00,-0.00,-179,206,174
1854,1.00,0.00,0.00,-0.00,-195,221,250
1855,1.00,0.00,0.00,-0.00,-211,246,250
1856,1.00,0.00,0.00,-0.00,-199,181,267
1857,1.00,0.00,0.00,-0.00,-110,76,322
1858,1.00,0.00,0.00,-0.00,-17,-40,343
1859,1.00,0.00,0.00,-0.00,83,-123,204
1860,1.00,0.00,-0.00,-0.00,140,-147,56
1861,1.00,0.00,-0.00,-0.00,93,-117,46
1862,1.00,0.00,0.00,-0.00,104,-56,-34
1863,1.00,0.00,-0.00,-0.00,80,-21,-105
1864,1.00,0.00,-0.00,-0.00,-15,-9,-107
1865,1.00,0.00,-0.00,-0.00,-4,41,-137
1866,1.00,0.00,0.00,-0.00,-91,52,-174
1867,1.00,0.00,0.00,-0.00,-155,75,-113
1868,1.00,0.00,0.00,-0.00,-144,49,-45
1869,1.00,0.00,0.00,-0.00,-180,73,45
1870,1.00,0.00,0.00,-0.00,-157,143,116
1871,1.00,0.00,0.00,-0.00,-155,180,57
1872,1.00,0.00,0.00,-0.00,-117,170,96
1873,1.00,0.00,0.00,-0.00,-62,124,188
1874,1.00,0.00,0.00,-0.00,-27,28,135
1875,1.00,0.00,0.00,-0.00,30,-35,124
1876,1.00,0.00,0.00,-0.00,38,-61,103
1877,1.00,0.00,0.00,-0.00,51,-97,31
1878,1.00,0.00,0.00,-0.00,106,-163,-73
1879,1.00,0.00,0.00,-0.00,109,-147,-174
1880,1.00,0.00,0.00,-0.00,117,-106,-191
1881,1.00,0.00,0.00,-0.00,32,-54,-227
1882,1.00,0.00,0.00,-0.00,15,19,-249
1883,1.00,0.00,0.00,-0.00,-16,73,-199
1884,1.00,0.00,0.00,-0.00,-103,104,-154
1885,1.00,0.00,0.00,-0.00,-109,143,-74
1886,1.00,0.00,0.00,-0.00,-131,61,96
1887,1.00,0.00,0.00,-0.00,-161,24,112
1888,1.00,0.00,0.00,-0.00,-112,3,126
1889,1.00,0.00,0.00,-0.00,-54,-19,162
1890,1.00,0.00,0.00,-0.00,46,-14,152
1891,1.00,0.00,0.00,-0.00,62,-65,155
1892,1.00,0.00,0.00,-0.00,73,-284,174
1893,1.00,0.00,0.00,-0.00,103,-657,61
1894,1.00,0.00,0.00,-0.00,104,-1055,-70
1895,1.00,-0.00,0.00,-0.00,101,-1147,-185
1896,1.00,-0.00,0.00,-0.00,102,-822,-257
1897,1.00,-0.00,0.00,-0.00,61,-285,-246
1898,1.00,-0.00,0.00,-0.00,0,89,-171
1899,1.00,-0.00,0.00,-0.00,-98,238,-127
1900,1.00,0.00,0.00,-0.00,-126,167,-58
1901,1.00,0.00,0.00,-0.00,-144,25,0
1902,1.00,-0.00,0.00,-0.00,-98,-40,50
1903,1.00,-0.00,0.00,-0.00,-3,-51,128
1904,1.00,-0.00,0.00,-0.00,11,-9,208
1905,1.00,-0.00,0.00,-0.00,-13,77,293
1906,1.00,-0.00,0.00,-0.00,-37,133,321
1907,1.00,-0.00,0.00,-0.00,-26,92,257
1908,1.00,-0.00,0.00,-0.00,13,-9,177
1909,1.00,-0.00,0.00,-0.00,59,-142,62
1910,1.00,-0.00,0.00,-0.00,137,-228,-70
1911,1.00,-0.00,0.00,-0.00,70,-188,-122
1912,1.00,-0.00,0.00,-0.00,48,-23,-172
1913,1.00,-0.00,0.00,-0.00,54,138,-171
1914,1.00,-0.00,0.00,-0.00,-4,235,-152
1915,1.00,0.00,0.00,-0.00,-61,209,-118
1916,1.00,0.00,0.00,-0.00,-99,109,-84
1917,1.00,-0.00,0.00,-0.00,-94,15,-53
1918,1.00,-0.00,0.00,-0.00,-91,-22,138
1919,1.00,-0.00,0.00,-0.00,-62,52,267
1920,1.00,-0.00,0.00,-0.00,-21,137,305
1921,1.00,0.00,0.00,-0.00,-17,152,257
1922,1.00,0.00,0.00,-0.00,-4,98,216
1923,1.00,0.00,0.00,-0.00,50,-38,88
1924,1.00,-0.00,0.00,-0.00,86,-162,-13
1925,1.00,-0.00,0.00,-0.00,127,-154,-30
1926,1.00,-0.00,0.00,-0.00,102,-28,-89
1927,1.00,-0.00,0.00,-0.00,50,78,-140
1928,1.00,0.00,0.00,-0.00,-45,95,-225
1929,1.00,0.00,0.00,-0.00,-112,73,-284
1930,1.00,0.00,0.00,-0.00,-93,25,-283
1931,1.00,0.00,0.00,-0.00,-111,34,-161
1932,1.00,0.00,0.00,-0.00,-86,109,-102
1933,1.00,0.00,0.00,-0.00,-111,204,-5
1934,1.00,0.00,0.00,-0.00,-81,219,109
1935,1.00,0.00,0.00,-0.00,-16,140,133
1936,1.00,0.00,0.00,-0.00,-18,11,156
1937,1.00,0.00,0.00,-0.00,47,-73,159
1938,1.00,0.00,0.00,-0.00,15,-122,170
1939,1.00,-0.00,0.00,-0.00,-7,-111,72
1940,1.00,-0.00,0.00,-0.00,49,-70,35
1941,1.00,-0.00,0.00,-0.00,57,-64,-22
1942,1.00,-0.00,0.00,-0.00,99,-25,-115
1943,1.00,-0.00,0.00,-0.00,66,-26,-198
1944,1.00,-0.00,0.00,-0.00,15,-2,-313
1945,1.00,0.00,0.00,-0.00,-1,60,-328
1946,1.00,0.00,0.00,-0.00,-82,113,-244
1947,1.00,0.00,0.00,-0.00,-61,134,-136
1948,1.00,0.00,0.00,-0.00,-88,137,-43
1949,1.00,0.00,0.00,-0.00,-95,102,96
1950,1.00,0.00,0.00,-0.00,-75,49,167
1951,1.00,0.00,0.00,-0.00,-34,-21,177
1952,1.00,0.00,0.00,-0.00,71,-57,160
1953,1.00,0.00,0.00,-0.00,121,-63,144
1954,1.00,-0.00,0.00,-0.00,141,-60,21
1955,1.00,-0.00,0.00,-0.00,210,-74,-43
1956,1.00,-0.00,0.00,-0.00,126,-80,-66
1957,1.00,-0.00,0.00,-0.00,104,-72,-144
1958,1.00,-0.00,0.00,-0.00,23,-95,-196
1959,1.00,-0.00,0.00,-0.00,-67,-55,-163
1960,1.00,-0.00,0.00,-0.00,-76,15,-111
1961,1.00,-0.00,0.00,-0.00,-108,75,-62
1962,1.00,0.00,0.00,-0.00,-102,126,26
1963,1.00,0.00,0.00,-0.00,-104,129,71
1964,1.00,0.00,0.00,-0.00,-61,95,126
1965,1.00,0.00,0.00,-0.00,-14,36,184
1966,1.00,0.00,0.00,-0.00,-25,-27,222
1967,1.00,-0.00,0.00,-0.00,41,-54,212
1968,1.00,-0.00,0.00,-0.00,66,-41,225
1969,1.00,-0.00,0.00,-0.00,37,-34,218
1970,1.00,-0.00,0.00,-0.00,61,-56,159
1971,1.00,-0.00,0.00,-0.00,97,-117,73
1972,1.00,-0.00,0.00,-0.00,116,-137,-22
1973,1.00,-0.00,-0.00,-0.00,80,-95,-125
1974,1.00,-0.00,0.00,-0.00,61,-7,-211
1975,1.00,-0.00,0.00,-0.00,16,55,-249
1976,1.00,-0.00,0.00,-0.00,-94,131,-199
1977,1.00,0.00,0.00,-0.00,-58,151,-157
1978,1.00,0.00,0.00,-0.00,-95,125,-87
1979,1.00,0.00,0.00,-0.00,-127,108,0
1980,1.00,0.00,0.00,-0.00,-152,112,110
1981,1.00,0.00,0.00,-0.00,-163,93,190
1982,1.00,0.00,0.00,-0.00,-112,97,234
1983,1.00,0.00,0.00,-0.00,-80,67,296
1984,1.00,0.00,0.00,-0.00,-36,33,272
1985,1.00,0.00,0.00,-0.00,26,0,236
1986,1.00,0.00,0.00,-0.00,76,-62,192
1987,1.00,0.00,0.00,-0.00,160,-96,79
1988,1.00,-0.00,0.00,-0.00,153,-93,-16
1989,1.00,-0.00,0.00,-0.00,134,-68,-101
1990,1.00,-0.00,0.00,-0.00,182,-42,-144
1991,1.00,-0.00,0.00,-0.00,97,-27,-145
1992,1.00,-0.00,0.00,-0.00,55,1,-227
1993,1.00,0.00,0.00,-0.00,-23,22,-240
1994,1.00,0.00,0.00,-0.00,-106,49,-257
1995,1.00,0.00,0.00,-0.00,-92,100,-209
1996,1.00,0.00,0.00,-0.00,-116,117,-165
1997,1.00,0.00,0.00,-0.00,-177,162,-76
1998,1.00,0.00,0.00,-0.00,-139,167,-11
1999,1.00,0.00,0.00,-0.00,-131,130,38
2000,1.00,0.00,0.00,-0.00,-70,98,111
2001,1.00,0.00,0.00,-0.00,-91,52,162
2002,1.00,0.00,0.00,-0.00,-1,18,202
2003,1.00,0.00,0.00,-0.00,59,-21,230
2004,1.00,0.00,0.00,-0.00,39,-43,216
2005,1.00,0.00,0.00,-0.00,81,-57,170
2006,1.00,0.00,0.00,-0.00,73,-101,188
2007,1.00,0.00,0.00,-0.00,96,-121,135
2008,1.00,-0.00,0.00,-0.00,105,-141,97
2009,1.00,-0.00,0.00,-0.00,110,-107,-48
2010,1.00,-0.00,0.00,-0.00,68,-37,-106
2011,1.00,0.00,0.00,-0.00,4,26,-151
2012,1.00,0.00,0.00,-0.00,61,44,-228
2013,1.00,0.00,0.00,-0.00,12,21,-272
2014,1.00,0.00,0.00,-0.00,-49,78,-209
2015,1.00,0.00,0.00,-0.00,-49,138,-96
2016,1.00,0.00,0.00,-0.00,-105,156,-80
2017,1.00,0.00,0.00,-0.00,-111,168,-36
2018,1.00,0.00,0.00,-0.00,-129,149,102
2019,1.00,0.00,0.00,-0.00,-166,132,162
2020,1.00,0.00,0.00,-0.00,-94,88,157
2021,1.00,0.00,0.00,-0.00,-103,45,243
2022,1.00,0.00,0.00,-0.00,-88,23,239
2023,1.00,0.00,0.00,-0.00,-6,22,246
2024,1.00,0.00,0.00,-0.00,17,-16,213
2025,1.00,0.00,0.00,-0.00,124,-58,112
2026,1.00,0.00,0.00,-0.00,133,-88,72
2027,1.00,0.00,0.00,-0.00,189,-122,63
2028,1.00,0.00,0.00,-0.00,207,-123,15
2029,1.00,0.00,0.00,-0.00,176,-114,-32
2030,1.00,-0.00,0.00,-0.00,236,-165,-34
2031,1.00,-0.00,-0.00,-0.00,235,-209,-63
2032,1.00,-0.00,-0.00,-0.00,211,-206,-52
2033,1.00,-0.00,-0.00,-0.00,182,-195,45
2034,1.00,-0.00,-0.00,-0.00,82,-164,119
2035,1.00,-0.00,-0.00,-0.00,50,-87,63
2036,1.00,-0.00,-0.00,-0.00,9,-29,-1
2037,1.00,-0.00,-0.00,-0.00,31,-14,-20
2038,1.00,-0.00,-0.00,-0.00,49,30,13
2039,1.00,-0.00,-0.00,-0.00,-6,16,88
2040,1.00,-0.00,-0.00,-0.00,5,3,44
2041,1.00,-0.00,-0.00,-0.00,5,12,21
2042,1.00,-0.00,-0.00,-0.00,19,-54,-3
2043,1.00,-0.00,-0.00,-0.00,-37,14,32
2044,1.00,-0.00,-0.00,-0.00,72,-29,11
2045,1.00,-0.00,-0.00,-0.00,0,8,36
2046,1.00,-0.00,-0.00,-0.00,-4,37,36
2047,1.00,-0.00,-0.00,-0.00,17,-23,-18
2048,1.00,-0.00,-0.00,-0.00,19,11,19
2049,1.00,-0.00,-0.00,-0.00,-41,40,84
2050,1.00,-0.00,-0.00,-0.00,55,-2,48
2051,1.00,-0.00,-0.00,-0.00,76,0,-54
2052,1.00,-0.00,-0.00,-0.00,84,13,-93
2053,1.00,-0.00,-0.00,-0.00,7,39,-27
2054,1.00,-0.00,-0.00,-0.00,-8,27,56
2055,1.00,-0.00,-0.00,-0.00,2,12,71
2056,1.00,-0.00,-0.00,-0.00,-76,-45,109
2057,1.00,-0.00,-0.00,-0.00,-35,-37,96
2058,1.00,-0.00,-0.00,-0.00,-85,-37,91
2059,1.00,-0.00,-0.00,-0.00,-102,-65,107
2060,1.00,-0.00,-0.00,-0.00,-49,-77,100
2061,1.00,-0.00,0.00,-0.00,-63,-88,53
2062,1.00,-0.00,0.00,-0.00,-89,-56,80
2063,1.00,-0.00,0.00,-0.00,-51,-81,100
2064,1.00,-0.00,0.00,-0.00,-58,-51,96
2065,1.00,-0.00,0.00,-0.00,-6,0,49
2066,1.00,-0.00,0.00,-0.00,-11,58,35
2067,1.00,-0.00,0.00,-0.00,-15,57,-14
2068,1.00,-0.00,0.00,-0.00,-2,37,-28
2069,1.00,-0.00,0.00,-0.00,-22,2,-7
2070,1.00,-0.00,0.00,-0.00,-7,10,2
2071,1.00,-0.00,0.00,-0.00,-16,46,-27
2072,1.00,-0.00,0.00,-0.00,-66,68,2
2073,1.00,-0.00,0.00,-0.00,-28,27,27
2074,1.00,-0.00,0.00,-0.00,7,28,9
2075,1.00,-0.00,0.00,-0.00,10,26,-12
2076,1.00,-0.00,0.00,-0.00,-24,-3,1
2077,1.00,-0.00,0.00,-0.00,7,25,-23
2078,1.00,-0.00,0.00,-0.00,2,36,7
2079,1.00,-0.00,0.00,-0.00,0,22,28
2080,1.00,-0.00,0.00,-0.00,6,32,37
2081,1.00,-0.00,0.00,-0.00,0,15,52
2082,1.00,-0.00,0.00,-0.00,-25,35,9
2083,1.00,-0.00,0.00,-0.00,-24,17,33
2084,1.00,-0.00,0.00,-0.00,-12,38,39
2085,1.00,-0.00,0.00,-0.00,-22,15,60
2086,1.00,-0.00,0.00,-0.00,0,47,16
2087,1.00,-0.00,0.00,-0.00,10,20,51
2088,1.00,-0.00,0.00,-0.00,-7,2,18
2089,1.00,-0.00,0.00,-0.00,27,-15,-4
2090,1.00,-0.00,0.00,-0.00,34,-30,40
2091,1.00,-0.00,0.00,-0.00,47,0,8
2092,1.00,-0.00,0.00,-0.00,33,19,13
2093,1.00,-0.00,0.00,-0.00,-6,36,27
2094,1.00,-0.00,0.00,-0.00,-36,47,36
2095,1.00,-0.00,0.00,-0.00,-54,52,36
2096,1.00,-0.00,0.00,-0.00,25,19,7
2097,1.00,-0.00,0.00,-0.00,41,8,-4
2098,1.00,-0.00,0.00,-0.00,-22,5,0
2099,1.00,-0.00,0.00,-0.00,-22,4,4
2100,1.00,-0.00,0.00,-0.00,-60,12,25
2101,1.00,-0.00,0.00,-0.00,14,15,15
2102,1.00,-0.00,0.00,-0.00,24,7,14
2103,1.00,-0.00,0.00,-0.00,-9,10,43
2104,1.00,-0.00,0.00,-0.00,-15,11,54
2105,1.00,-0.00,0.00,-0.00,5,15,41
2106,1.00,-0.00,0.00,-0.00,13,19,26
2107,1.00,-0.00,0.00,-0.00,9,28,40
2108,1.00,-0.00,0.00,-0.00,64,8,24
2109,1.00,-0.00,0.00,-0.00,49,-15,15
2110,1.00,-0.00,0.00,-0.00,20,-13,-2
2111,1.00,-0.00,0.00,-0.00,4,-11,-3
2112,1.00,-0.00,0.00,-0.00,4,0,14
2113,1.00,-0.00,0.00,-0.00,-4,11,17
2114,1.00,-0.00,0.00,-0.00,-1,0,20
2115,1.00,-0.00,0.00,-0.00,-3,21,4
2116,1.00,-0.00,-0.00,-0.00,11,-23,0
2117,1.00,-0.00,0.00,-0.00,0,0,22
2118,1.00,-0.00,0.00,-0.00,41,-14,5
2119,1.00,-0.00,-0.00,-0.00,25,4,3
2120,1.00,-0.00,-0.00,-0.00,11,23,22
2121,1.00,-0.00,-0.00,-0.00,5,4,17
2122,1.00,-0.00,-0.00,-0.00,28,-9,-1
2123,1.00,-0.00,-0.00,-0.00,59,-6,0
2124,1.00,-0.00,-0.00,-0.00,42,12,51
2125,1.00,-0.00,-0.00,-0.00,39,7,61
2126,1.00,-0.00,-0.00,-0.00,26,7,47
2127,1.00,-0.00,-0.00,-0.00,14,21,32
2128,1.00,-0.00,-0.00,-0.00,5,42,-7
2129,1.00,-0.00,-0.00,-0.00,1,48,-15
2130,1.00,-0.00,-0.00,-0.00,17,21,1
2131,1.00,-0.00,-0.00,-0.00,13,3,10
2132,1.00,-0.00,-0.00,-0.00,7,4,26
2133,1.00,-0.00,-0.00,-0.00,4,-2,31
2134,1.00,-0.00,-0.00,-0.00,-2,18,10
2135,1.00,-0.00,-0.00,-0.00,-8,13,25
2136,1.00,-0.00,-0.00,-0.00,2,6,19
2137,1.00,-0.00,-0.00,-0.00,-18,0,21
2138,1.00,-0.00,-0.00,-0.00,-16,-2,5
2139,1.00,-0.00,-0.00,-0.00,-8,7,14
2140,1.00,-0.00,-0.00,-0.00,-18,8,22
2141,1.00,-0.00,-0.00,-0.00,0,12,24
2142,1.00,-0.00,-0.00,-0.00,13,3,6
2143,1.00,-0.00,-0.00,-0.00,4,1,2
2144,1.00,-0.00,-0.00,-0.00,7,5,-13
2145,1.00,-0.00,-0.00,-0.00,5,6,-8
2146,1.00,-0.00,-0.00,-0.00,4,8,2
2147,1.00,-0.00,-0.00,-0.00,12,8,5
2148,1.00,-0.00,-0.00,-0.00,10,3,17
2149,1.00,-0.00,-0.00,-0.00,-6,6,2
2150,1.00,-0.00,-0.00,-0.00,-18,11,6
2151,1.00,-0.00,-0.00,-0.00,-21,21,3
2152,1.00,-0.00,-0.00,-0.00,-12,17,6
2153,1.00,-0.00,-0.00,-0.00,5,12,-3
2154,1.00,-0.00,-0.00,-0.00,5,10,0
2155,1.00,-0.00,-0.00,-0.00,0,21,-3
2156,1.00,-0.00,-0.00,-0.00,0,18,-3
2157,1.00,-0.00,-0.00,-0.00,6,14,-3
2158,1.00,-0.00,-0.00,-0.00,5,6,4
2159,1.00,-0.00,-0.00,-0.00,2,7,4
2160,1.00,-0.00,-0.00,-0.00,1,5,5
2161,1.00,-0.00,-0.00,-0.00,-2,6,12
2162,1.00,-0.00,-0.00,-0.00,-1,9,9
2163,1.00,-0.00,-0.00,-0.00,1,15,9
2164,1.00,-0.00,-0.00,-0.00,-2,12,16
2165,1.00,-0.00,-0.00,-0.00,-5,7,9
2166,1.00,-0.00,-0.00,-0.00,-4,5,7
2167,1.00,-0.00,-0.00,-0.00,-7,5,5
2168,1.00,-0.00,-0.00,-0.00,2,14,11
2169,1.00,-0.00,-0.00,-0.00,0,14,22
2170,1.00,-0.00,-0.00,-0.00,2,14,21
2171,1.00,-0.00,-0.00,-0.00,-1,11,17
2172,1.00,-0.00,-0.00,-0.00,0,4,17
2173,1.00,-0.00,-0.00,-0.00,3,8,17
2174,1.00,-0.00,-0.00,-0.00,2,11,13
2175,1.00,-0.00,-0.00,-0.00,0,13,9
2176,1.00,-0.00,-0.00,-0.00,-3,9,11
2177,1.00,-0.00,-0.00,-0.00,-3,5,10
2178,1.00,-0.00,-0.00,-0.00,0,6,9
2179,1.00,-0.00,-0.00,-0.00,4,4,9
2180,1.00,-0.00,-0.00,-0.00,1,9,11
2181,1.00,-0.00,-0.00,-0.00,0,12,14
2182,1.00,-0.00,-0.00,-0.00,-3,11,15
2183,1.00,-0.00,-0.00,-0.00,-5,10,19
2184,1.00,-0.00,-0.00,-0.00,-4,8,17
2185,1.00,-0.00,-0.00,-0.00,-5,6,13
2186,1.00,-0.00,-0.00,-0.00,-11,8,18
2187,1.00,-0.00,-0.00,-0.00,-9,14,16
2188,1.00,-0.00,-0.00,-0.00,-7,18,10
2189,1.00,-0.00,-0.00,-0.00,-8,18,14
2190,1.00,-0.00,-0.00,-0.00,-11,14,13
2191,1.00,-0.00,-0.00,-0.00,-8,14,10
2192,1.00,-0.00,-0.00,-0.00,-6,9,13
2193,1.00,-0.00,-0.00,-0.00,-1,5,17
2194,1.00,-0.00,-0.00,-0.00,0,9,15
2195,1.00,-0.00,-0.00,-0.00,3,7,18
2196,1.00,-0.00,-0.00,-0.00,3,6,10
2197,1.00,-0.00,-0.00,-0.00,0,5,12
2198,1.00,-0.00,-0.00,-0.00,-2,4,9
2199,1.00,-0.00,-0.00,-0.00,1,2,12
2200,1.00,-0.00,-0.00,-0.00,0,2,9
2201,1.00,-0.00,-0.00,-0.00,0,8,8
2202,1.00,-0.00,-0.00,-0.00,-3,10,0
2203,1.00,-0.00,-0.00,-0.00,-1,13,2
2204,1.00,-0.00,-0.00,-0.00,0,10,0
2205,1.00,-0.00,-0.00,-0.00,1,6,3
2206,1.00,-0.00,-0.00,-0.00,5,4,3
2207,1.00,-0.00,-0.00,-0.00,3,3,6
2208,1.00,-0.00,-0.00,-0.00,1,9,12
2209,1.00,-0.00,-0.00,-0.00,-1,12,16
2210,1.00,-0.00,-0.00,-0.00,-2,12,11
2211,1.00,-0.00,-0.00,-0.00,0,5,12
2212,1.00,-0.00,-0.00,-0.00,0,-2,11
2213,1.00,-0.00,-0.00,-0.00,-2,-1,17
2214,1.00,-0.00,-0.00,-0.00,0,4,23
2215,1.00,-0.00,-0.00,-0.00,2,10,19
2216,1.00,-0.00,-0.00,-0.00,4,5,18
2217,1.00,-0.00,-0.00,-0.00,4,-1,19
2218,1.00,-0.00,-0.00,-0.00,4,-1,18
2219,1.00,-0.00,-0.00,-0.00,3,-2,22
2220,1.00,-0.00,-0.00,-0.00,1,0,21
2221,1.00,-0.00,-0.00,-0.00,1,6,20
2222,1.00,-0.00,-0.00,-0.00,1,4,19
2223,1.00,-0.00,-0.00,-0.00,2,1,20
2224,1.00,-0.00,-0.00,-0.00,5,4,24
2225,1.00,-0.00,-0.00,-0.00,2,8,23
2226,1.00,-0.00,-0.00,-0.00,0,10,15
2227,1.00,-0.00,-0.00,-0.00,1,14,5
2228,1.00,-0.00,-0.00,-0.00,0,15,7
2229,1.00,-0.00,-0.00,-0.00,2,11,8
2230,1.00,-0.00,-0.00,-0.00,6,8,5
2231,1.00,-0.00,-0.00,-0.00,7,6,1
2232,1.00,-0.00,-0.00,-0.00,7,3,0
2233,1.00,-0.00,-0.00,-0.00,2,7,1
2234,1.00,-0.00,-0.00,-0.00,2,7,0
2235,1.00,-0.00,-0.00,-0.00,6,9,-2
2236,1.00,-0.00,-0.00,-0.00,8,10,-1
2237,1.00,-0.00,-0.00,-0.00,1,6,4
2238,1.00,-0.00,-0.00,-0.00,0,10,6
2239,1.00,-0.00,-0.00,-0.00,1,10,17
2240,1.00,-0.00,-0.00,-0.00,-1,5,25
2241,1.00,-0.00,-0.00,-0.00,0,4,21
2242,1.00,-0.00,-0.00,-0.00,-2,3,20
2243,1.00,-0.00,-0.00,-0.00,-3,2,12
2244,1.00,-0.00,-0.00,-0.00,0,2,12
2245,1.00,-0.00,-0.00,-0.00,3,5,13
2246,1.00,-0.00,-0.00,-0.00,3,10,17
2247,1.00,-0.00,-0.00,-0.00,1,11,17
2248,1.00,-0.00,-0.00,-0.00,-1,13,20
2249,1.00,-0.00,-0.00,-0.00,-3,13,20
2250,1.00,-0.00,-0.00,-0.00,-4,8,19
2251,1.00,-0.00,-0.00,-0.00,-1,8,25
2252,1.00,-0.00,-0.00,-0.00,3,8,24
2253,1.00,-0.00,-0.00,-0.00,6,9,18
2254,1.00,-0.00,-0.00,-0.00,4,11,11
2255,1.00,-0.00,-0.00,-0.00,4,16,11
2256,1.00,-0.00,-0.00,-0.00,5,16,10
2257,1.00,-0.00,-0.00,-0.00,7,8,8
2258,1.00,-0.00,-0.00,-0.00,8,5,10
2259,1.00,-0.00,-0.00,-0.00,9,10,16
2260,1.00,-0.00,-0.00,-0.00,9,9,13
2261,1.00,-0.00,-0.00,-0.00,8,9,5
2262,1.00,-0.00,-0.00,-0.00,7,10,1
2263,1.00,-0.00,-0.00,-0.00,1,3,4
2264,1.00,-0.00,-0.00,-0.00,-2,4,0
2265,1.00,-0.00,-0.00,-0.00,-2,6,9
2266,1.00,-0.00,-0.00,-0.00,1,6,2
2267,1.00,-0.00,-0.00,-0.00,0,6,0
2268,1.00,-0.00,-0.00,-0.00,-3,9,-3
2269,1.00,-0.00,-0.00,-0.00,0,9,4
2270,1.00,-0.00,-0.00,-0.00,0,7,10
2271,1.00,-0.00,-0.00,-0.00,0,8,10
2272,1.00,-0.00,-0.00,-0.00,-1,5,6
2273,1.00,-0.00,-0.00,-0.00,4,5,6
2274,1.00,-0.00,-0.00,-0.00,3,9,7
2275,1.00,-0.00,-0.00,-0.00,2,8,4
2276,1.00,-0.00,-0.00,-0.00,0,9,1
2277,1.00,-0.00,-0.00,-0.00,-1,10,-2
2278,1.00,-0.00,-0.00,-0.00,-2,6,2
2279,1.00,-0.00,-0.00,-0.00,-1,7,9
2280,1.00,-0.00,-0.00,-0.00,0,15,6
2281,1.00,-0.00,-0.00,-0.00,-5,20,9
2282,1.00,-0.00,-0.00,-0.00,-1,24,6
2283,1.00,-0.00,-0.00,-0.00,-4,14,1
2284,1.00,-0.00,-0.00,-0.00,0,1,0
2285,1.00,-0.00,-0.00,-0.00,0,-3,6
2286,1.00,-0.00,-0.00,-0.00,0,5,4
2287,1.00,-0.00,-0.00,-0.00,0,14,3
2288,1.00,-0.00,-0.00,-0.00,1,8,5
2289,1.00,-0.00,-0.00,-0.00,-1,4,2
2290,1.00,-0.00,-0.00,-0.00,0,2,2
2291,1.00,-0.00,-0.00,-0.00,0,3,0
2292,1.00,-0.00,-0.00,-0.00,0,6,3
2293,1.00,-0.00,-0.00,-0.00,-4,9,9
2294,1.00,-0.00,-0.00,-0.00,-4,9,7
2295,1.00,-0.00,-0.00,-0.00,-8,11,9
2296,1.00,-0.00,-0.00,-0.00,-6,13,12
2297,1.00,-0.00,-0.00,-0.00,-6,7,14
2298,1.00,-0.00,-0.00,-0.00,3,2,19
2299,1.00,-0.00,-0.00,-0.00,9,2,23
2300,1.00,-0.00,-0.00,-0.00,13,8,21
2301,1.00,-0.00,-0.00,-0.00,8,18,21
2302,1.00,-0.00,-0.00,-0.00,5,16,23
2303,1.00,-0.00,-0.00,-0.00,2,12,19
2304,1.00,-0.00,-0.00,-0.00,0,8,9
2305,1.00,-0.00,-0.00,-0.00,-4,0,4
2306,1.00,-0.00,-0.00,-0.00,-7,0,5
2307,1.00,-0.00,-0.00,-0.00,-11,14,5
2308,1.00,-0.00,-0.00,-0.00,-8,19,9
2309,1.00,-0.00,-0.00,-0.00,-3,15,15
2310,1.00,-0.00,-0.00,-0.00,0,10,15
2311,1.00,-0.00,-0.00,-0.00,1,8,16
2312,1.00,-0.00,-0.00,-0.00,1,6,18
2313,1.00,-0.00,-0.00,-0.00,-1,8,21
2314,1.00,-0.00,-0.00,-0.00,-2,9,15
2315,1.00,-0.00,-0.00,-0.00,0,11,8
2316,1.00,-0.00,-0.00,-0.00,0,6,12
2317,1.00,-0.00,-0.00,-0.00,-1,6,5
2318,1.00,-0.00,-0.00,-0.00,-4,8,4
2319,1.00,-0.00,-0.00,-0.00,-5,10,1
2320,1.00,-0.00,-0.00,-0.00,0,8,4
2321,1.00,-0.00,-0.00,-0.00,1,11,4
2322,1.00,-0.00,-0.00,-0.00,5,8,6
2323,1.00,-0.00,-0.00,-0.00,8,8,3
2324,1.00,-0.00,-0.00,-0.00,9,4,7
2325,1.00,-0.00,-0.00,-0.00,6,2,6
2326,1.00,-0.00,-0.00,-0.00,2,0,6
2327,1.00,-0.00,-0.00,-0.00,0,-2,2
2328,1.00,-0.00,-0.00,-0.00,0,0,4
2329,1.00,-0.00,-0.00,-0.00,0,4,1
2330,1.00,-0.00,-0.00,-0.00,-2,3,6
2331,1.00,-0.00,-0.00,-0.00,-11,0,11
2332,1.00,-0.00,-0.00,-0.00,-8,1,17
2333,1.00,-0.00,-0.00,-0.00,-4,11,19
2334,1.00,-0.00,-0.00,-0.00,-4,17,26
2335,1.00,-0.00,-0.00,-0.00,-6,14,24
2336,1.00,-0.00,-0.00,-0.00,-5,11,22
2337,1.00,-0.00,-0.00,-0.00,-8,8,21
2338,1.00,-0.00,-0.00,-0.00,-11,9,22
2339,1.00,-0.00,-0.00,-0.00,-6,10,18
2340,1.00,-0.00,-0.00,-0.00,-7,10,11
2341,1.00,-0.00,-0.00,-0.00,-6,13,7
2342,1.00,-0.00,-0.00,-0.00,-5,9,4
2343,1.00,-0.00,-0.00,-0.00,0,6,12
2344,1.00,-0.00,-0.00,-0.00,-2,6,15
2345,1.00,-0.00,-0.00,-0.00,-1,4,14
2346,1.00,-0.00,-0.00,-0.00,0,6,18
2347,1.00,-0.00,-0.00,-0.00,0,7,22
2348,1.00,-0.00,-0.00,-0.00,-1,9,22
2349,1.00,-0.00,-0.00,-0.00,-2,10,17
2350,1.00,-0.00,-0.00,-0.00,-5,5,17
2351,1.00,-0.00,-0.00,-0.00,-3,2,11
2352,1.00,-0.00,-0.00,-0.00,-3,0,11
2353,1.00,-0.00,-0.00,-0.00,-2,0,8
2354,1.00,-0.00,-0.00,-0.00,-3,0,1
2355,1.00,-0.00,-0.00,-0.00,-4,0,1
2356,1.00,-0.00,-0.00,-0.00,-7,0,9
2357,1.00,-0.00,-0.00,-0.00,-4,1,15
2358,1.00,-0.00,-0.00,-0.00,-2,10,6
2359,1.00,-0.00,-0.00,-0.00,0,7,0
2360,1.00,-0.00,-0.00,-0.00,0,0,0
2361,1.00,-0.00,-0.00,-0.00,1,0,-6
2362,1.00,-0.00,-0.00,-0.00,1,5,-7
2363,1.00,-0.00,-0.00,-0.00,2,12,0
2364,1.00,-0.00,-0.00,-0.00,0,11,-5
2365,1.00,-0.00,-0.00,-0.00,-3,8,-1
2366,1.00,-0.00,-0.00,-0.00,-5,8,-2
2367,1.00,-0.00,-0.00,-0.00,-1,7,1
2368,1.00,-0.00,-0.00,-0.00,0,8,6
2369,1.00,-0.00,-0.00,-0.00,0,11,14
2370,1.00,-0.00,-0.00,-0.00,1,14,14
2371,1.00,-0.00,-0.00,-0.00,0,17,11
2372,1.00,-0.00,-0.00,-0.00,-1,15,13
2373,1.00,-0.00,-0.00,-0.00,-2,7,5
2374,1.00,-0.00,-0.00,-0.00,-1,2,4
2375,1.00,-0.00,-0.00,-0.00,-3,3,8
2376,1.00,-0.00,-0.00,-0.00,-5,6,11
2377,1.00,-0.00,-0.00,-0.00,-2,7,8
2378,1.00,-0.00,-0.00,-0.00,0,8,3
2379,1.00,-0.00,-0.00,-0.00,0,7,13
2380,1.00,-0.00,-0.00,-0.00,1,7,11
2381,1.00,-0.00,-0.00,-0.00,4,10,8
2382,1.00,-0.00,-0.00,-0.00,5,14,7
2383,1.00,-0.00,-0.00,-0.00,0,18,8
2384,1.00,-0.00,-0.00,-0.00,-5,16,12
2385,1.00,-0.00,-0.00,-0.00,-12,13,7
2386,1.00,-0.00,-0.00,-0.00,-13,11,8
2387,1.00,-0.00,-0.00,-0.00,-8,11,8
2388,1.00,-0.00,-0.00,-0.00,-5,10,8
2389,1.00,-0.00,-0.00,-0.00,-1,11,10
2390,1.00,-0.00,-0.00,-0.00,-2,14,8
2391,1.00,-0.00,-0.00,-0.00,-1,11,9
2392,1.00,-0.00,-0.00,-0.00,0,11,7
2393,1.00,-0.00,-0.00,-0.00,0,5,6
2394,1.00,-0.00,-0.00,-0.00,1,8,6
2395,1.00,-0.00,-0.00,-0.00,2,12,6
2396,1.00,-0.00,-0.00,-0.00,0,12,10
2397,1.00,-0.00,-0.00,-0.00,0,9,14
2398,1.00,-0.00,-0.00,-0.00,1,10,12
2399,1.00,-0.00,-0.00,-0.00,5,12,7
2400,1.00,-0.00,-0.00,-0.00,0,9,8
2401,1.00,-0.00,-0.00,-0.00,3,6,6
2402,1.00,-0.00,-0.00,-0.00,0,7,5
2403,1.00,-0.00,-0.00,-0.00,0,7,5
2404,1.00,-0.00,-0.00,-0.00,0,11,8
2405,1.00,-0.00,-0.00,-0.00,-4,9,12
2406,1.00,-0.00,-0.00,-0.00,-2,5,14
2407,1.00,-0.00,-0.00,-0.00,-2,10,19
2408,1.00,-0.00,-0.00,-0.00,-2,12,14
2409,1.00,-0.00,-0.00,-0.00,1,16,14
2410,1.00,-0.00,-0.00,-0.00,6,13,17
2411,1.00,-0.00,-0.00,-0.00,4,8,18
2412,1.00,-0.00,-0.00,-0.00,6,7,17
2413,1.00,-0.00,-0.00,-0.00,6,4,16
2414,1.00,-0.00,-0.00,-0.00,4,0,19
2415,1.00,-0.00,-0.00,-0.00,3,5,18
2416,1.00,-0.00,-0.00,-0.00,1,12,17
2417,1.00,-0.00,-0.00,-0.00,0,14,17
2418,1.00,-0.00,-0.00,-0.00,0,11,16
2419,1.00,-0.00,-0.00,-0.00,0,4,18
2420,1.00,-0.00,-0.00,-0.00,0,0,21
2421,1.00,-0.00,-0.00,-0.00,-1,3,20
2422,1.00,-0.00,-0.00,-0.00,-2,6,11
2423,1.00,-0.00,-0.00,-0.00,-2,12,4
2424,1.00,-0.00,-0.00,-0.00,-9,8,3
2425,1.00,-0.00,-0.00,-0.00,-4,2,13
2426,1.00,-0.00,-0.00,-0.00,2,0,18
2427,1.00,-0.00,-0.00,-0.00,7,3,15
2428,1.00,-0.00,-0.00,-0.00,4,7,21
2429,1.00,-0.00,-0.00,-0.00,0,12,16
2430,1.00,-0.00,-0.00,-0.00,-2,13,21
2431,1.00,-0.00,-0.00,-0.00,-7,13,18
2432,1.00,-0.00,-0.00,-0.00,-5,10,15
2433,1.00,-0.00,-0.00,-0.00,-3,5,13
2434,1.00,-0.00,-0.00,-0.00,-1,6,14
2435,1.00,-0.00,-0.00,-0.00,0,6,16
2436,1.00,-0.00,-0.00,-0.00,0,8,16
2437,1.00,-0.00,-0.00,-0.00,-2,10,15
2438,1.00,-0.00,-0.00,-0.00,-7,13,11
2439,1.00,-0.00,-0.00,-0.00,-5,13,6
2440,1.00,-0.00,-0.00,-0.00,0,12,7
2441,1.00,-0.00,-0.00,-0.00,-4,13,5
2442,1.00,-0.00,-0.00,-0.00,-4,15,0
2443,1.00,-0.00,-0.00,-0.00,0,15,4
2444,1.00,-0.00,-0.00,-0.00,-3,13,4
2445,1.00,-0.00,-0.00,-0.00,1,9,2
2446,1.00,-0.00,-0.00,-0.00,4,10,0
2447,1.00,-0.00,-0.00,-0.00,1,7,-2
2448,1.00,-0.00,-0.00,-0.00,0,6,0
2449,1.00,-0.00,-0.00,-0.00,0,9,-5
2450,1.00,-0.00,-0.00,-0.00,-5,9,-1
2451,1.00,-0.00,-0.00,-0.00,-8,5,3
2452,1.00,-0.00,-0.00,-0.00,-5,5,3
2453,1.00,-0.00,-0.00,-0.00,-4,10,8
2454,1.00,-0.00,-0.00,-0.00,0,9,3
2455,1.00,-0.00,-0.00,-0.00,0,9,6
2456,1.00,-0.00,-0.00,-0.00,0,13,12
2457,1.00,-0.00,-0.00,-0.00,0,18,12
2458,1.00,-0.00,-0.00,-0.00,-1,11,12
2459,1.00,-0.00,-0.00,-0.00,0,14,14
2460,1.00,-0.00,-0.00,-0.00,4,11,10
2461,1.00,-0.00,-0.00,-0.00,0,1,0
2462,1.00,-0.00,-0.00,-0.00,-2,3,6
2463,1.00,-0.00,-0.00,-0.00,0,6,5
2464,1.00,-0.00,-0.00,-0.00,0,6,9
2465,1.00,-0.00,-0.00,-0.00,-2,9,11
2466,1.00,-0.00,-0.00,-0.00,-4,9,14
2467,1.00,-0.00,-0.00,-0.00,-5,13,10
2468,1.00,-0.00,-0.00,-0.00,-9,12,18
2469,1.00,-0.00,-0.00,-0.00,-5,12,19
2470,1.00,-0.00,-0.00,-0.00,-3,16,8
2471,1.00,-0.00,-0.00,-0.00,-1,14,1
2472,1.00,-0.00,-0.00,-0.00,0,10,2
2473,1.00,-0.00,-0.00,-0.00,4,8,0
2474,1.00,-0.00,-0.00,-0.00,0,6,2
2475,1.00,-0.00,-0.00,-0.00,-1,5,0
2476,1.00,-0.00,-0.00,-0.00,-4,7,-1
2477,1.00,-0.00,-0.00,-0.00,-6,8,1
2478,1.00,-0.00,-0.00,-0.00,-6,6,12
2479,1.00,-0.00,-0.00,-0.00,-6,1,10
2480,1.00,-0.00,-0.00,-0.00,-3,4,10
2481,1.00,-0.00,-0.00,-0.00,0,7,9
2482,1.00,-0.00,-0.00,-0.00,-2,7,9
2483,1.00,-0.00,-0.00,-0.00,-7,3,4
2484,1.00,-0.00,-0.00,-0.00,-9,8,8
2485,1.00,-0.00,-0.00,-0.00,-8,9,7
2486,1.00,-0.00,-0.00,-0.00,-7,11,13
2487,1.00,-0.00,-0.00,-0.00,-6,5,18
2488,1.00,-0.00,-0.00,-0.00,-9,5,18
2489,1.00,-0.00,-0.00,-0.00,-9,7,11
2490,1.00,-0.00,-0.00,-0.00,-7,7,16
2491,1.00,-0.00,-0.00,-0.00,-4,12,22
2492,1.00,-0.00,-0.00,-0.00,0,9,23
2493,1.00,-0.00,-0.00,-0.00,2,10,23
2494,1.00,-0.00,-0.00,-0.00,2,8,18
2495,1.00,-0.00,-0.00,-0.00,-1,10,13
2496,1.00,-0.00,-0.00,-0.00,-3,4,15
2497,1.00,-0.00,-0.00,-0.00,-4,1,13
2498,1.00,-0.00,-0.00,-0.00,0,5,9
2499,1.00,-0.00,-0.00,-0.00,0,11,12
2500,1.00,-0.00,-0.00,-0.00,0,13,8
2501,1.00,-0.00,-0.00,-0.00,0,10,7
2502,1.00,-0.00,-0.00,-0.00,0,9,6
2503,1.00,-0.00,-0.00,-0.00,2,8,4
2504,1.00,-0.00,-0.00,-0.00,3,10,4
2505,1.00,-0.00,-0.00,-0.00,0,14,3
2506,1.00,-0.00,-0.00,-0.00,0,10,1
2507,1.00,-0.00,-0.00,-0.00,0,7,6
2508,1.00,-0.00,-0.00,-0.00,-2,7,10
2509,1.00,-0.00,-0.00,-0.00,-2,10,8
2510,1.00,-0.00,-0.00,-0.00,-7,8,6
2511,1.00,-0.00,-0.00,-0.00,-5,9,7
2512,1.00,-0.00,-0.00,-0.00,-9,7,0
2513,1.00,-0.00,-0.00,-0.00,-11,10,-2
2514,1.00,-0.00,-0.00,-0.00,-7,11,-2
2515,1.00,-0.00,-0.00,-0.00,-4,9,0
2516,1.00,-0.00,-0.00,-0.00,-6,3,-4
2517,1.00,-0.00,-0.00,-0.00,-2,0,-4
2518,1.00,-0.00,-0.00,-0.00,-1,1,0
2519,1.00,-0.00,-0.00,-0.00,-5,6,9
2520,1.00,-0.00,-0.00,-0.00,-3,9,9
2521,1.00,-0.00,-0.00,-0.00,-4,5,7
2522,1.00,-0.00,-0.00,-0.00,-2,6,7
2523,1.00,-0.00,-0.00,-0.00,-6,4,15
2524,1.00,-0.00,-0.00,-0.00,-6,7,13
2525,1.00,-0.00,-0.00,-0.00,-7,11,11
2526,1.00,-0.00,-0.00,-0.00,-1,9,10
2527,1.00,-0.00,-0.00,-0.00,0,7,11
2528,1.00,-0.00,-0.00,-0.00,-3,4,11
2529,1.00,-0.00,-0.00,-0.00,-2,4,14
2530,1.00,-0.00,-0.00,-0.00,0,5,16
2531,1.00,-0.00,-0.00,-0.00,-1,5,14
2532,1.00,-0.00,-0.00,-0.00,-1,5,12
2533,1.00,-0.00,-0.00,-0.00,-2,6,6
2534,1.00,-0.00,-0.00,-0.00,-3,2,6
2535,1.00,-0.00,-0.00,-0.00,-4,2,9
2536,1.00,-0.00,-0.00,-0.00,-2,-1,17
2537,1.00,-0.00,-0.00,-0.00,0,0,17
2538,1.00,-0.00,-0.00,-0.00,-3,2,23
2539,1.00,-0.00,-0.00,-0.00,0,6,22
2540,1.00,-0.00,-0.00,-0.00,0,7,18
2541,1.00,-0.00,-0.00,-0.00,3,4,14
2542,1.00,-0.00,-0.00,-0.00,1,5,13
2543,1.00,-0.00,-0.00,-0.00,-6,7,10
2544,1.00,-0.00,-0.00,-0.00,-8,6,6
2545,1.00,-0.00,-0.00,-0.00,-9,4,4
2546,1.00,-0.00,-0.00,-0.00,-3,2,7
2547,1.00,-0.00,-0.00,-0.00,0,5,12
2548,1.00,-0.00,-0.00,-0.00,0,1,12
2549,1.00,-0.00,-0.00,-0.00,1,0,18
2550,1.00,-0.00,-0.00,-0.00,5,-1,23
2551,1.00,-0.00,-0.00,-0.00,2,4,23
2552,1.00,-0.00,-0.00,-0.00,0,9,21
2553,1.00,-0.00,-0.00,-0.00,-1,7,10
2554,1.00,-0.00,-0.00,-0.00,-2,8,2
2555,1.00,-0.00,-0.00,-0.00,-1,3,1
2556,1.00,-0.00,-0.00,-0.00,-6,5,0
2557,1.00,-0.00,-0.00,-0.00,-5,6,1
2558,1.00,-0.00,-0.00,-0.00,-4,8,0
2559,1.00,-0.00,-0.00,-0.00,-2,6,6
2560,1.00,-0.00,-0.00,-0.00,-2,7,10
2561,1.00,-0.00,-0.00,-0.00,-1,3,7
2562,1.00,-0.00,-0.00,-0.00,-3,0,-1
2563,1.00,-0.00,-0.00,-0.00,-2,0,-2
2564,1.00,-0.00,-0.00,-0.00,-3,0,-1
2565,1.00,-0.00,-0.00,-0.00,-4,2,0
2566,1.00,-0.00,-0.00,-0.00,-5,6,-2
2567,1.00,-0.00,-0.00,-0.00,-5,5,0
2568,1.00,-0.00,-0.00,-0.00,-3,3,1
2569,1.00,-0.00,-0.00,-0.00,0,3,7
2570,1.00,-0.00,-0.00,-0.00,-1,1,12
2571,1.00,-0.00,-0.00,-0.00,-1,5,15
2572,1.00,-0.00,-0.00,-0.00,-1,11,4
2573,1.00,-0.00,-0.00,-0.00,0,10,0
2574,1.00,-0.00,-0.00,-0.00,3,4,9
2575,1.00,-0.00,-0.00,-0.00,1,6,14
2576,1.00,-0.00,-0.00,-0.00,6,13,13
2577,1.00,-0.00,-0.00,-0.00,1,10,18
2578,1.00,-0.00,-0.00,-0.00,2,12,20
2579,1.00,-0.00,-0.00,-0.00,0,11,14
